MIN=0	0	-10	-10
MAX=40	1	10	10
SCALE=40	0,5	5	5
DEC=1	0	2	2
DEF="Tiempo" t / s	"Nivel" I_2	"Tensión" U_A1 / V	"Tensión" U_B1 / V
0	0	0,615	-0,005
0,101	0	0,61	-0,02
0,2	0	0,6	-0,01
0,3	0	0,6	0
0,401	0	0,615	-0,005
0,5	0	0,615	-0,01
0,601	0	0,615	-0,005
0,701	0	0,6	-0,005
0,8	0	0,605	0
0,901	0	0,605	5,645
1,001	0	0,58	5,65
1,101	0	0,535	5,65
1,201	0	0,545	5,645
1,3	0	0,56	5,635
1,4	0	0,565	5,65
1,5	0	0,575	5,655
1,601	0	0,565	5,655
1,701	0	0,585	5,65
1,8	0	0,58	5,645
1,901	0	0,545	5,645
2	0	0,525	5,65
2,1	0	0,515	5,65
2,2	0	0,5	5,64
2,3	0	0,51	5,64
2,4	0	0,5	5,645
2,501	0	0,505	5,645
2,601	0	0,495	5,64
2,7	0	0,505	5,655
2,8	0	0,5	5,64
2,9	0	0,495	5,64
3	0	0,495	5,64
3,1	0	0,49	5,645
3,201	0	0,495	5,655
3,301	0	0,48	5,64
3,4	0	0,485	5,655
3,501	0	0,485	5,64
3,6	0	0,495	5,635
3,7	0	0,48	5,645
3,801	0	0,49	5,655
3,901	0	0,475	5,64
4	0	0,48	5,64
4,1	0	0,485	5,64
4,2	0	0,48	5,635
4,301	0	0,505	5,64
4,4	0	0,535	5,64
4,5	0	0,56	5,64
4,6	0	0,6	5,64
4,701	0	0,645	5,645
4,8	0	0,685	5,645
4,9	0	0,715	5,64
5,001	0	0,77	5,64
5,1	0	0,79	5,655
5,201	0	0,835	5,64
5,3	0	0,87	5,645
5,401	0	0,91	5,65
5,5	0	0,95	5,645
5,601	0	0,995	5,645
5,7	0	1,03	5,635
5,8	0	1,075	5,64
5,899	0	1,105	5,655
6	0	1,145	5,65
6,1	0	1,17	5,65
6,2	0	1,215	5,645
6,3	0	1,24	5,63
6,4	0	1,28	5,635
6,499	0	1,325	5,64
6,6	0	1,36	5,635
6,701	0	1,38	5,655
6,8	0	1,425	5,65
6,901	0	1,445	5,645
7	0	1,485	5,64
7,101	0	1,515	5,645
7,2	0	1,55	5,645
7,3	0	1,58	5,65
7,4	0	1,615	5,655
7,5	0	1,63	5,635
7,6	0	1,655	5,645
7,7	0	1,69	5,655
7,801	0	1,725	5,655
7,9	0	1,755	5,65
8,001	0	1,78	5,655
8,1	0	1,805	5,645
8,2	0	1,82	5,65
8,301	0	1,86	5,64
8,4	0	1,885	5,635
8,5	0	1,915	5,645
8,6	0	1,945	5,64
8,7	0	1,975	5,645
8,8	0	1,995	5,64
8,9	0	2,02	5,65
9	0	2,055	5,64
9,101	0	2,08	5,655
9,2	0	2,1	5,65
9,3	0	2,125	5,655
9,4	0	2,15	5,65
9,501	0	2,175	5,65
9,6	0	2,21	5,65
9,699	0	2,235	5,655
9,8	0	2,265	5,655
9,9	0	2,285	5,655
10,002	0	2,32	5,635
10,101	0	2,345	5,645
10,201	0	2,365	5,655
10,301	0	2,4	5,655
10,4	0	2,43	5,655
10,5	0	2,44	5,655
10,6	0	2,47	5,645
10,701	0	2,505	5,64
10,8	0	2,53	5,65
10,901	0	2,55	5,64
11	0	2,58	5,65
11,101	0	2,605	5,64
11,2	0	2,625	5,64
11,3	0	2,645	5,65
11,401	0	2,67	5,655
11,5	0	2,685	5,645
11,601	0	2,715	5,655
11,7	0	2,72	5,64
11,8	0	2,74	5,645
11,9	0	2,77	5,655
12	0	2,8	5,65
12,1	0	2,795	5,645
12,2	0	2,835	5,64
12,3	0	2,85	5,65
12,4	0	2,875	5,655
12,5	0	2,875	5,655
12,6	0	2,91	5,645
12,701	0	2,925	5,655
12,8	0	2,935	5,645
12,901	0	2,955	5,64
13	0	2,965	5,65
13,1	0	3,005	5,635
13,2	0	3,015	5,655
13,301	0	3,045	5,65
13,4	0	3,065	5,65
13,5	0	3,075	5,65
13,6	0	3,095	5,655
13,7	0	3,11	5,65
13,801	0	3,125	5,65
13,9	0	3,145	5,65
14,001	0	3,165	5,655
14,1	0	3,195	5,645
14,201	0	3,2	5,65
14,3	0	3,225	5,645
14,4	0	3,25	5,645
14,5	0	3,255	5,655
14,6	0	3,275	5,655
14,7	0	3,3	5,645
14,801	0	3,315	5,645
14,9	0	3,33	5,635
15	0	3,345	5,64
15,1	0	3,37	5,64
15,201	0	3,37	5,655
15,3	0	3,4	5,635
15,401	0	3,425	5,65
15,5	0	3,43	5,65
15,6	0	3,455	5,65
15,7	0	3,47	5,64
15,8	0	3,495	5,645
15,9	0	3,51	5,64
16	0	3,525	5,645
16,1	0	3,55	5,655
16,2	0	3,57	5,655
16,301	0	3,57	5,655
16,4	0	3,59	5,645
16,501	0	3,625	5,64
16,6	0	3,64	5,655
16,701	0	3,665	5,655
16,8	0	3,675	5,655
16,9	0	3,7	5,655
17	0	3,71	5,655
17,101	0	3,735	5,645
17,2	0	3,755	5,635
17,301	0	3,76	5,65
17,4	0	3,785	5,635
17,501	0	3,805	5,645
17,6	0	3,825	5,655
17,701	0	3,845	5,655
17,802	0	3,865	5,65
17,9	0	3,865	5,655
18,001	0	3,895	5,64
18,101	0	3,915	5,65
18,2	0	3,915	5,655
18,3	0	3,955	5,635
18,4	0	3,965	5,64
18,5	0	3,985	5,635
18,6	0	4,005	5,635
18,7	0	4,005	5,645
18,799	0	4,02	5,65
18,9	0	4,045	5,645
19,001	0	4,075	5,635
19,1	0	4,085	5,655
19,2	0	4,105	5,65
19,3	0	4,12	5,655
19,4	0	4,14	5,655
19,501	0	4,155	5,65
19,601	0	4,165	5,65
19,7	0	4,195	5,65
19,8	0	4,19	5,655
19,9	0	4,23	5,64
19,999	0	4,24	5,65
20,1	0	4,265	5,65
20,199	0	4,275	5,65
20,3	0	4,295	5,645
20,401	0	4,3	5,635
20,5	0	4,32	5,65
20,6	0	4,34	5,655
20,7	0	4,35	5,64
20,801	0	4,375	5,645
20,9	0	4,385	5,655
20,999	0	4,4	5,65
21,1	0	4,415	5,655
21,2	0	4,435	5,645
21,3	0	4,45	5,65
21,4	0	4,46	5,65
21,501	0	4,485	5,64
21,6	0	4,485	5,655
21,7	0	4,515	5,645
21,8	0	4,52	5,64
21,9	0	4,535	5,64
21,999	0	4,56	5,64
22,1	0	4,585	5,64
22,201	0	4,59	5,65
22,3	0	4,615	5,655
22,401	0	4,615	5,645
22,501	0	4,635	5,655
22,601	0	4,66	5,64
22,7	0	4,665	5,655
22,799	0	4,685	5,64
22,9	0	4,7	5,655
23	0	4,71	5,635
23,1	0	4,735	5,65
23,2	0	4,74	5,65
23,3	0	4,765	5,64
23,4	0	4,77	5,655
23,501	0	4,795	5,64
23,6	0	4,81	5,65
23,701	0	4,805	5,635
23,8	0	4,83	5,65
23,9	0	4,85	5,655
24,001	0	4,87	5,635
24,1	0	4,89	5,65
24,201	0	4,89	5,65
24,3	0	4,915	5,65
24,401	0	4,93	5,655
24,501	0	4,935	5,645
24,6	0	4,94	5,64
24,7	0	4,975	5,64
24,799	0	4,985	5,65
24,9	0	4,96	5,65
25	0	4,94	5,655
25,101	0	4,935	5,65
25,2	0	4,9	5,65
25,3	0	4,87	5,65
25,4	0	4,83	5,655
25,5	0	4,805	5,65
25,601	0	4,8	5,64
25,7	0	4,76	5,645
25,8	0	4,725	5,655
25,901	0	4,71	5,655
26	0	4,695	5,65
26,101	0	4,66	5,655
26,2	0	4,64	5,645
26,301	0	4,64	5,655
26,4	0	4,635	5,64
26,501	0	4,625	5,645
26,6	0	4,6	5,655
26,7	0	4,62	5,655
26,8	0	4,62	5,655
26,899	0	4,625	5,655
27	0	4,59	5,645
27,1	0	4,615	5,65
27,2	0	4,61	5,645
27,3	0	4,6	5,65
27,4	0	4,6	5,655
27,501	0	4,605	5,65
27,6	0	4,59	5,655
27,7	0	4,58	5,645
27,801	0	4,595	5,655
27,9	0	4,59	5,64
28	0	4,585	5,645
28,1	0	4,58	5,64
28,2	0	4,575	5,655
28,3	0	4,58	5,64
28,4	0	4,585	5,655
28,5	0	4,57	5,645
28,601	0	4,59	5,65
28,7	0	4,59	5,655
28,8	0	4,605	5,65
28,9	0	4,605	5,655
29	0	4,585	5,64
29,1	0	4,565	5,65
29,201	0	4,56	5,65
29,3	0	4,54	5,645
29,401	0	4,535	5,655
29,501	0	4,565	5,655
29,6	0	4,575	5,64
29,699	0	4,565	5,655
29,8	0	4,57	5,635
29,9	0	4,54	5,655
30	0	4,555	5,655
30,101	0	4,545	5,635
30,2	0	4,53	5,65
30,3	0	4,52	5,65
30,401	0	4,555	5,655
30,5	0	4,535	5,655
30,601	0	4,535	5,65
30,7	0	4,53	5,64
30,801	0	4,525	5,655
30,9	0	4,5	5,655
31	0	4,5	5,645
31,1	0	4,5	5,645
31,2	0	4,495	5,655
31,3	0	4,5	5,655
31,399	0	4,53	5,65
31,5	0	4,495	5,645
31,601	0	4,5	5,655
31,7	0	4,515	5,645
31,799	0	4,495	5,645
31,9	0	4,515	5,645
32	0	4,525	5,645
32,101	0	4,5	5,655
32,2	0	4,52	5,655
32,3	0	4,525	5,645
32,4	0	4,515	5,655
32,501	0	4,51	5,65
32,6	0	4,51	5,65
32,7	0	4,5	5,65
32,8	0	4,5	5,655
32,9	0	4,495	5,645
33	0	4,505	5,65
33,099	0	4,49	5,655
33,199	0	4,51	5,64
33,3	0	4,52	5,65
33,4	0	4,515	5,655
33,501	0	4,49	5,65
33,6	0	4,5	5,64
33,701	0	4,49	5,635
33,8	0	4,47	5,645
33,901	0	4,5	5,635
34	0	4,495	5,655
34,1	0	4,49	5,655
34,2	0	4,485	5,65
34,301	0	4,485	5,655
34,4	0	4,455	5,645
34,501	0	4,485	5,655
34,6	0	4,49	5,65
34,7	0	4,475	5,655
34,799	0	4,475	5,65
34,9	0	4,46	5,655
35,001	0	4,465	5,655
35,101	0	4,485	5,655
35,2	0	4,46	5,635
35,3	0	4,455	5,65
35,401	0	4,425	5,64
35,501	0	4,38	5,655
35,601	0	4,385	5,65
35,7	0	4,39	5,65
35,8	0	4,415	5,65
35,901	0	4,405	5,65
36	0	4,39	5,65
36,1	0	4,395	5,645
36,201	0	4,365	5,655
36,3	0	4,385	5,645
36,4	0	4,41	5,65
36,5	0	4,395	5,65
36,601	0	4,42	5,655
36,7	0	4,41	5,655
36,8	0	4,42	5,65
36,9	0	4,405	5,65
37	0	4,39	5,655
37,099	0	4,44	5,65
37,2	0	4,425	5,655
37,3	0	4,42	5,645
37,4	0	4,425	5,655
37,5	0	4,42	5,65
37,6	0	4,44	5,65
37,7	0	4,435	5,65
