MIN=0	0	-10	-10
MAX=8	100	10	10
SCALE=8	50	5	5
DEC=2	1	2	2
DEF="Tiempo" t / s	"Nueva magnitud" f_1	"Tensión" U_A1 / V	"Tensión" U_B1 / V
0	0	-0,005	0,13
0,02	0	0	0,135
0,04	0	0	0,14
0,06	0	0,005	0,14
0,08	0	0,01	0,145
0,1	0	-0,005	0,13
0,12	0	-0,02	0,12
0,14	0	0,005	0,14
0,16	0	-0,005	0,135
0,18	0	-0,02	0,125
0,2	0	0,01	0,14
0,22	0	-0,01	0,125
0,24	0	-0,02	0,125
0,26	0	-0,015	0,125
0,28	0	0,005	0,14
0,3	0	0	0,14
0,32	0	0,01	0,14
0,34	0	0,005	0,14
0,36	0	-0,02	0,125
0,38	0	-0,005	0,13
0,4	0	0	0,14
0,42	0	-0,005	0,13
0,44	0	-0,005	0,13
0,46	0	-0,02	0,12
0,48	0	-0,015	0,125
0,5	0	-0,005	0,13
0,52	0	-0,005	0,13
0,54	0	-0,005	0,13
0,56	0	0,01	0,14
0,58	0	-0,005	0,135
0,6	0	-0,01	0,12
0,62	0	-0,02	0,12
0,64	0	-0,005	0,13
0,66	0	-0,005	0,13
0,68	0	-0,005	0,14
0,7	0	0	0,14
0,72	0	0,01	0,145
0,74	0	-0,005	0,135
0,76	0	-0,01	0,125
0,78	0	0	0,14
0,8	0	-0,015	0,125
0,82	0	-0,005	0,135
0,84	0	0,005	0,14
0,86	0	4,855	0,28
0,88	0	4,84	0,245
0,9	0	4,85	0,24
0,92	0	4,835	0,22
0,94	0	4,835	0,185
0,96	0	4,845	0,2
0,98	0	4,84	0,175
1	0	4,855	0,245
1,02	0	4,84	0,205
1,04	0	4,84	0,195
1,06	0	4,855	0,22
1,08	0	4,845	0,175
1,1	0	4,855	0,17
1,12	0	4,85	0,22
1,14	0	4,855	0,25
1,16	0	4,84	0,225
1,18	0	4,84	0,155
1,2	0	4,855	0,235
1,22	0	4,84	0,22
1,24	0	4,855	0,19
1,26	0	4,845	0,245
1,28	0	4,855	0,24
1,3	0	4,86	0,19
1,32	0	4,85	0,14
1,34	0	4,845	0,22
1,36	0	4,855	0,2
1,38	0	4,83	0,205
1,4	0	4,865	0,25
1,42	0	4,84	0,205
1,44	0	4,845	0,15
1,46	0	4,845	0,205
1,48	0	4,855	0,23
1,5	0	4,855	0,15
1,52	0	4,855	0,21
1,54	0	4,855	0,24
1,56	0	4,84	0,2
1,58	0	4,855	0,2
1,6	0	4,855	0,23
1,62	0	4,835	0,24
1,64	0	4,85	0,185
1,66	0	4,84	0,225
1,68	0	4,845	0,235
1,7	0	4,84	0,265
1,72	0	4,85	0,43
1,74	0	4,855	0,38
1,76	0	4,835	0,38
1,78	0	4,85	0,435
1,8	0	4,845	0,41
1,82	0	4,855	0,5
1,84	0	4,84	0,465
1,86	0	4,84	0,455
1,88	0	4,845	0,545
1,9	0	4,845	0,525
1,92	0	4,855	0,57
1,94	0	4,855	0,625
1,96	0	4,845	0,665
1,98	0	4,845	0,675
2	0	4,845	0,68
2,02	0	4,845	0,705
2,04	0	4,855	0,65
2,06	0	4,855	0,69
2,08	0	4,855	0,66
2,1	0	4,855	0,7
2,12	0	4,85	0,705
2,14	0	4,855	0,67
2,16	0	4,855	0,695
2,18	0	4,85	0,68
2,2	0	4,86	0,77
2,22	0	4,84	0,715
2,24	0	4,845	0,725
2,26	0	4,855	0,78
2,28	0	4,85	0,87
2,3	0	4,855	0,955
2,32	0	4,855	0,93
2,34	0	4,855	1,01
2,36	0	4,855	0,975
2,38	0	4,855	1,16
2,4	0	4,83	1,19
2,42	0	4,855	1,15
2,44	0	4,855	1,22
2,46	0	4,84	1,24
2,48	0	4,835	1,36
2,5	0	4,845	1,425
2,52	0	4,855	1,44
2,54	0	4,84	1,475
2,56	0	4,84	1,685
2,58	0	4,855	1,65
2,6	0	4,84	1,665
2,62	0	4,855	1,725
2,64	0	4,85	1,81
2,66	0	4,84	1,905
2,68	0	4,845	1,9
2,7	0	4,84	1,945
2,72	0	4,86	2,065
2,74	0	4,855	2,055
2,76	0	4,855	2,16
2,78	0	4,865	2,145
2,8	0	4,855	2,18
2,82	0	4,855	2,235
2,84	0	4,855	2,175
2,86	0	4,855	2,21
2,88	0	4,865	2,33
2,9	0	4,855	2,335
2,92	0	4,855	2,385
2,94	0	4,865	2,365
2,96	0	4,84	2,36
2,98	0	4,85	2,42
3	0	4,855	2,38
3,02	0	4,85	2,395
3,04	0	4,85	2,435
3,06	0	4,855	2,39
3,08	0	4,855	2,42
3,1	0	4,855	2,38
3,12	0	4,85	2,375
3,14	0	4,855	2,44
3,16	0	4,855	2,39
3,18	0	4,855	2,46
3,2	0	4,865	2,425
3,22	0	4,835	2,435
3,24	0	4,845	2,6
3,26	0	4,855	2,66
3,28	0	4,855	2,62
3,3	0	4,86	2,67
3,32	0	4,87	2,755
3,34	0	4,86	2,735
3,36	0	4,855	2,78
3,38	0	4,84	2,835
3,4	0	4,85	2,85
3,42	0	4,845	2,925
3,44	0	4,85	2,935
3,46	0	4,855	2,96
3,48	0	4,855	3,13
3,5	0	4,865	3,125
3,52	0	4,86	3,14
3,54	0	4,865	3,225
3,56	0	4,86	3,21
3,58	0	4,85	3,315
3,6	0	4,865	3,43
3,62	0	4,85	3,38
3,64	0	4,86	3,425
3,66	0	4,865	3,48
3,68	0	4,865	3,47
3,7	0	4,865	3,57
3,72	0	4,85	3,575
3,74	0	4,865	3,59
3,76	0	4,865	3,625
3,78	0	4,85	3,67
3,8	0	4,865	3,63
3,82	0	4,855	3,635
3,84	0	4,855	3,705
3,86	0	4,865	3,665
3,88	0	4,86	3,66
3,9	0	4,855	3,725
3,92	0	4,865	3,82
3,94	0	4,865	3,82
3,96	0	4,86	3,835
3,98	0	4,855	3,875
4	0	4,875	3,87
4,02	0	4,845	3,84
4,04	0	4,86	3,865
4,06	0	4,865	3,91
4,08	0	4,865	3,87
4,1	0	4,865	3,865
4,12	0	4,85	3,855
4,14	0	4,865	3,9
4,16	0	4,86	3,905
4,18	0	4,85	3,85
4,2	0	4,865	3,87
4,22	0	4,85	3,9
4,24	0	4,855	3,935
4,26	0	4,865	3,895
4,28	0	4,86	3,895
4,3	0	4,86	3,93
4,32	0	4,865	3,96
4,34	0	4,86	4,065
4,36	0	4,855	4,125
4,38	0	4,855	4,12
4,4	0	4,875	4,13
4,42	0	4,85	4,095
4,44	0	4,85	4,12
4,46	0	4,86	4,155
4,48	0	4,865	4,165
4,5	0	4,865	4,265
4,52	0	4,865	4,32
4,54	0	4,865	4,33
4,56	0	4,85	4,325
4,58	0	4,865	4,345
4,6	0	4,865	4,35
4,62	0	4,86	4,355
4,64	0	4,865	4,395
4,66	0	4,865	4,39
4,68	0	4,86	4,39
4,7	0	4,85	4,44
4,72	0	4,865	4,485
4,74	0	4,86	4,505
4,76	0	4,855	4,53
4,78	0	4,865	4,56
4,8	0	4,87	4,545
4,82	0	4,87	4,555
4,84	0	4,85	4,535
4,86	0	4,865	4,56
4,88	0	4,865	4,56
4,9	0	4,875	4,56
4,92	0	4,865	4,55
4,94	0	4,875	4,58
4,96	0	4,865	4,55
4,98	0	4,865	4,555
5	0	4,865	4,565
5,02	0	4,85	4,545
5,04	0	4,88	4,59
5,06	0	4,86	4,56
5,08	0	4,87	4,57
5,1	0	4,86	4,565
5,12	0	4,865	4,57
5,14	0	4,86	4,575
5,16	0	4,85	4,555
5,18	0	4,875	4,6
5,2	0	4,865	4,57
5,22	0	4,865	4,58
5,24	0	4,87	4,58
5,26	0	4,86	4,58
5,28	0	4,87	4,58
5,3	0	4,85	4,58
5,32	0	4,875	4,59
5,34	0	4,865	4,585
5,36	0	4,855	4,575
5,38	0	4,87	4,585
5,4	0	4,865	4,59
5,42	0	4,87	4,585
5,44	0	4,87	4,6
5,46	0	4,865	4,585
5,48	0	4,865	4,585
5,5	0	4,865	4,59
5,52	0	4,87	4,585
5,54	0	4,865	4,59
5,56	0	4,865	4,585
5,58	0	4,865	4,58
5,6	0	4,875	4,62
5,62	0	4,875	4,59
5,64	0	4,85	4,575
5,66	0	4,86	4,6
5,68	0	4,865	4,58
5,7	0	4,865	4,585
5,72	0	4,865	4,59
5,74	0	4,875	4,59
5,76	0	4,86	4,58
5,78	0	4,87	4,59
5,8	0	4,87	4,595
5,82	0	4,86	4,575
5,84	0	4,86	4,585
5,86	0	4,865	4,59
5,88	0	4,86	4,585
5,9	0	4,865	4,59
5,92	0	4,87	4,585
5,94	0	4,87	4,59
5,96	0	4,865	4,59
5,98	0	4,85	4,575
6	0	4,87	4,585
6,02	0	4,86	4,585
6,04	0	4,875	4,605
6,06	0	4,87	4,59
6,08	0	4,87	4,59
6,1	0	4,85	4,575
6,12	0	4,85	4,58
6,14	0	4,87	4,595
6,16	0	4,87	4,61
6,18	0	4,865	4,585
6,2	0	4,87	4,595
6,22	0	4,865	4,59
6,24	0	4,865	4,59
6,26	0	4,875	4,6
6,28	0	4,86	4,595
6,3	0	4,845	4,58
6,32	0	4,86	4,59
6,34	0	4,86	4,58
6,36	0	4,865	4,59
6,38	0	4,85	4,575
6,4	0	4,85	4,58
6,42	0	4,875	4,6
6,44	0	4,875	4,6
6,46	0	4,875	4,6
6,48	0	4,87	4,595
6,5	0	4,855	4,585
6,52	0	4,865	4,6
6,54	0	4,85	4,585
6,56	0	4,86	4,595
6,58	0	4,875	4,62
