MIN=0	-10	-10
MAX=40	10	10
SCALE=40	5	5
DEC=1	2	2
DEF="Tiempo" t / s	"Tensión" U_A1 / V	"Tensión" U_B1 / V
0	6,205	-0,015
0,101	6,19	-0,025
0,2	6,205	-0,01
0,301	6,21	-0,015
0,4	6,21	-0,005
0,501	6,195	-0,01
0,6	6,21	-0,005
0,701	6,205	-0,015
0,8	6,19	-0,005
0,901	6,21	-0,025
1,001	6,215	-0,005
1,1	6,215	-0,02
1,201	6,19	-0,01
1,3	6,205	-0,02
1,401	6,205	-0,01
1,5	6,205	-0,015
1,6	6,205	-0,01
1,7	6,2	-0,005
1,8	6,195	-0,01
1,9	6,19	-0,005
2	6,2	-0,02
2,1	6,205	-0,015
2,2	6,195	-0,005
2,299	6,2	-0,005
2,4	6,215	-0,01
2,5	6,205	-0,01
2,6	6,205	-0,015
2,7	6,215	-0,02
2,799	6,205	-0,015
2,9	6,215	-0,005
3	6,2	-0,01
3,1	6,205	2,475
3,2	6,205	2,475
3,3	6,205	2,465
3,4	6,195	2,465
3,5	6,165	2,485
3,599	6,15	2,485
3,7	6,155	2,475
3,8	6,15	2,47
3,901	6,145	2,47
4	6,13	2,47
4,1	6,13	2,48
4,201	6,135	2,465
4,3	6,14	2,48
4,4	6,13	2,48
4,5	6,14	2,475
4,6	6,14	2,48
4,7	6,145	2,47
4,799	6,145	2,485
4,9	6,135	2,465
5	6,155	2,48
5,1	6,15	2,485
5,2	6,155	2,475
5,3	6,165	2,47
5,4	6,175	2,47
5,501	6,165	2,485
5,6	6,15	2,48
5,701	6,15	2,475
5,8	6,15	2,485
5,9	6,16	2,485
6,001	6,17	2,47
6,1	6,16	2,48
6,199	6,18	2,485
6,3	6,17	2,465
6,4	6,18	2,485
6,5	6,185	2,47
6,601	6,17	2,48
6,7	6,175	2,47
6,801	6,175	2,46
6,9	6,165	2,48
6,999	6,165	2,465
7,1	6,165	2,475
7,201	6,165	2,47
7,3	6,16	2,475
7,4	6,175	2,465
7,5	6,175	2,465
7,6	6,175	2,47
7,701	6,16	2,475
7,8	6,155	2,48
7,899	6,16	2,46
8	6,175	2,475
8,1	6,165	2,47
8,2	6,175	2,46
8,3	6,175	2,47
8,4	6,175	2,465
8,501	6,17	2,47
8,6	6,16	2,48
8,7	6,16	2,48
8,799	6,16	2,475
8,9	6,17	2,47
9,001	6,15	2,485
9,1	6,15	2,48
9,2	6,155	2,475
9,3	6,15	2,47
9,4	6,155	2,47
9,5	6,155	2,47
9,601	6,15	2,485
9,7	6,155	2,47
9,8	6,15	2,48
9,9	6,15	2,475
10,001	6,14	2,48
10,1	6,14	2,475
10,201	6,16	2,47
10,301	6,15	2,46
10,4	6,15	2,475
10,5	6,145	2,48
10,6	6,155	2,475
10,699	6,16	2,48
10,8	6,15	2,475
10,9	6,16	2,465
11	6,15	2,48
11,1	6,15	2,465
11,2	6,15	2,475
11,3	6,155	2,475
11,4	6,155	2,465
11,5	6,15	2,48
11,6	6,15	2,47
11,7	6,15	2,48
11,8	6,15	2,475
11,9	6,155	2,47
12	6,155	2,47
12,1	6,15	2,47
12,201	6,15	2,48
12,3	6,16	2,465
12,4	6,15	2,475
12,5	6,155	2,475
12,6	6,155	2,475
12,7	6,155	2,48
12,801	6,16	2,48
12,901	6,155	2,48
13	6,155	2,475
13,1	6,155	2,47
13,201	6,14	2,475
13,3	6,15	2,48
13,4	6,155	2,47
13,5	6,145	2,48
13,6	6,16	2,475
13,701	6,165	2,475
13,8	6,16	2,48
13,901	6,185	2,47
14	6,195	2,475
14,101	6,2	2,475
14,2	6,205	2,46
14,3	6,225	2,465
14,4	6,245	2,475
14,5	6,245	2,475
14,6	6,255	2,465
14,699	6,27	2,475
14,8	6,295	2,47
14,901	6,29	2,48
15	6,305	2,47
15,1	6,31	2,475
15,2	6,335	2,47
15,3	6,345	2,465
15,401	6,36	2,47
15,5	6,375	2,47
15,599	6,375	2,48
15,7	6,38	2,485
15,801	6,395	2,475
15,903	6,4	2,48
16	6,425	2,48
16,101	6,42	2,475
16,201	6,445	2,475
16,3	6,46	2,475
16,4	6,47	2,475
16,5	6,46	2,475
16,6	6,485	2,475
16,699	6,5	2,475
16,799	6,505	2,485
16,899	6,525	2,465
17	6,53	2,47
17,1	6,545	2,465
17,2	6,54	2,475
17,3	6,565	2,475
17,399	6,575	2,48
17,5	6,585	2,475
17,6	6,595	2,475
17,7	6,6	2,47
17,8	6,6	2,48
17,9	6,61	2,475
18	6,63	2,475
18,1	6,64	2,475
18,2	6,66	2,47
18,301	6,66	2,46
18,4	6,68	2,475
18,5	6,695	2,475
18,6	6,7	2,475
18,701	6,715	2,47
18,801	6,73	2,47
18,9	6,745	2,47
19	6,75	2,47
19,101	6,755	2,48
19,2	6,76	2,475
19,3	6,78	2,465
19,401	6,79	2,465
19,5	6,805	2,46
19,6	6,81	2,47
19,7	6,805	2,465
19,801	6,825	2,47
19,9	6,835	2,46
20	6,845	2,48
20,1	6,85	2,47
20,201	6,865	2,475
20,3	6,87	2,485
20,4	6,895	2,47
20,5	6,885	2,47
20,6	6,905	2,465
20,699	6,91	2,475
20,8	6,92	2,47
20,9	6,93	2,475
21	6,94	2,465
21,101	6,94	2,475
21,2	6,95	2,475
21,301	6,97	2,46
21,4	6,985	2,475
21,5	6,98	2,475
21,599	7,005	2,48
21,7	7	2,48
21,8	7	2,48
21,899	7,015	2,475
21,999	7,03	2,485
22,1	7,05	2,485
22,2	7,055	2,48
22,3	7,065	2,475
22,4	7,07	2,49
22,501	7,08	2,485
22,601	7,085	2,485
22,7	7,085	2,48
22,8	7,105	2,485
22,901	7,115	2,49
23	7,12	2,485
23,101	7,125	2,48
23,201	7,14	2,485
23,301	7,155	2,475
23,4	7,15	2,48
23,5	7,17	2,47
23,599	7,185	2,485
23,699	7,195	2,48
23,8	7,2	2,465
23,9	7,2	2,475
24,001	7,215	2,475
24,1	7,225	2,485
24,201	7,235	2,47
24,3	7,23	2,48
24,401	7,23	2,465
24,5	7,26	2,49
24,6	7,26	2,485
24,7	7,26	2,485
24,801	7,275	2,48
24,901	7,295	2,48
25,001	7,285	2,48
25,1	7,31	2,47
25,2	7,31	2,475
25,3	7,335	2,48
25,4	7,345	2,465
25,5	7,335	2,47
25,6	7,365	2,47
25,701	7,355	2,485
25,8	7,36	2,48
25,9	7,385	2,47
26,001	7,385	2,485
26,101	7,4	2,475
26,2	7,405	2,475
26,3	7,415	2,47
26,4	7,42	2,485
26,501	7,435	2,475
26,6	7,42	2,485
26,7	7,45	2,47
26,8	7,44	2,475
26,9	7,465	2,475
27	7,475	2,485
27,1	7,475	2,47
27,201	7,49	2,47
27,301	7,49	2,47
27,4	7,49	2,48
27,5	7,515	2,47
27,6	7,51	2,48
27,7	7,525	2,48
27,8	7,52	2,48
27,9	7,545	2,475
28	7,555	2,47
28,101	7,555	2,475
28,201	7,57	2,48
28,3	7,565	2,48
28,4	7,57	2,485
28,5	7,595	2,485
28,6	7,595	2,47
28,699	7,605	2,475
28,799	7,615	2,485
28,9	7,615	2,48
29,001	7,615	2,485
29,1	7,635	2,475
29,201	7,645	2,485
29,301	7,64	2,47
29,4	7,655	2,47
29,499	7,65	2,48
29,6	7,655	2,485
29,7	7,675	2,48
29,8	7,675	2,48
29,9	7,685	2,48
30	7,68	2,485
30,101	7,705	2,475
30,2	7,715	2,475
30,3	7,72	2,465
30,401	7,71	2,485
30,5	7,735	2,47
30,6	7,745	2,475
30,7	7,74	2,475
30,801	7,75	2,475
30,901	7,76	2,475
31	7,77	2,47
31,101	7,77	2,465
31,2	7,77	2,475
31,3	7,795	2,47
31,401	7,795	2,48
31,501	7,81	2,47
31,6	7,795	2,48
31,7	7,8	2,48
31,8	7,825	2,47
31,899	7,84	2,485
31,999	7,855	2,48
32,1	7,855	2,475
32,2	7,855	2,485
32,3	7,865	2,475
32,401	7,875	2,475
32,501	7,885	2,475
32,6	7,88	2,48
32,7	7,885	2,485
32,8	7,895	2,485
32,9	7,905	2,48
32,999	7,895	2,48
33,099	7,91	2,475
33,2	7,925	2,485
33,301	7,935	2,47
33,401	7,935	2,475
33,5	7,93	2,48
33,6	7,955	2,47
33,7	7,965	2,475
33,8	7,955	2,485
33,9	7,96	2,465
33,999	7,97	2,48
34,099	7,985	2,485
34,2	7,99	2,48
34,3	7,995	2,465
34,4	7,985	2,485
34,5	8,01	2,47
34,6	8,005	2,485
34,699	8,02	2,47
34,799	8,005	2,48
34,9	8,015	2,47
35	8,025	2,475
35,1	8,045	2,48
35,199	8,04	2,48
35,3	8,045	2,475
35,399	8,05	2,48
35,499	8,065	2,47
