MIN=0	-10	-10
MAX=16	10	10
SCALE=16	5	5
DEC=2	2	2
DEF="Tiempo" t / s	"Tensión" U_A1 / V	"Tensión" U_B1 / V
0	-0,005	-0,005
0,02	-0,005	-0,005
0,04	-0,02	-0,015
0,06	-0,01	-0,01
0,08	-0,01	-0,015
0,1	0,005	0
0,12	-0,005	-0,005
0,14	-0,025	-0,02
0,16	0,005	0
0,18	-0,005	-0,005
0,2	-0,005	-0,005
0,22	-0,015	-0,015
0,24	-0,015	-0,015
0,26	-0,005	-0,01
0,28	-0,005	-0,01
0,3	0,005	0
0,32	0	0
0,34	-0,015	-0,015
0,36	0,005	0
0,38	0	0
0,4	-0,005	-0,005
0,42	-0,015	-0,015
0,44	-0,015	-0,015
0,46	-0,01	-0,01
0,48	0	-0,005
0,5	0,005	0,005
0,52	0	0
0,54	-0,015	-0,015
0,56	-0,005	-0,01
0,58	0,005	0
0,6	-0,01	-0,01
0,62	-0,005	-0,005
0,64	-0,01	-0,015
0,66	-0,015	-0,015
0,68	-0,015	-0,015
0,7	-0,015	-0,015
0,72	9,52	0
0,74	9,505	-0,015
0,76	9,515	-0,01
0,78	9,525	0
0,8	9,525	0
0,82	9,525	0
0,84	9,52	-0,005
0,86	9,52	-0,005
0,88	9,505	-0,015
0,9	9,505	-0,015
0,92	9,505	-0,015
0,94	9,52	-0,005
0,96	9,52	-0,005
0,98	9,505	-0,015
1	9,51	-0,015
1,02	9,525	0
1,04	9,505	-0,015
1,06	9,525	0,15
1,08	9,525	0,13
1,1	9,52	0,1
1,12	9,51	0,075
1,14	9,515	0,065
1,16	9,515	0,05
1,18	9,52	0,04
1,2	9,505	0,175
1,22	9,505	0,145
1,24	9,505	0,12
1,26	9,525	0,105
1,28	9,51	0,23
1,3	9,52	0,2
1,32	9,52	0,26
1,34	9,505	0,26
1,36	9,525	0,22
1,38	9,52	0,325
1,4	9,52	0,365
1,42	9,515	0,355
1,44	9,505	0,435
1,46	9,505	0,4
1,48	9,51	0,44
1,5	9,525	0,52
1,52	9,525	0,58
1,54	9,505	0,605
1,56	9,505	0,64
1,58	9,52	0,68
1,6	9,505	0,715
1,62	9,5	0,75
1,64	9,51	0,8
1,66	9,515	0,83
1,68	9,525	0,84
1,7	9,52	0,92
1,72	9,52	0,975
1,74	9,525	0,97
1,76	9,525	1,07
1,78	9,52	1,065
1,8	9,505	1,145
1,82	9,505	1,16
1,84	9,52	1,22
1,86	9,52	1,3
1,88	9,515	1,345
1,9	9,52	1,39
1,92	9,505	1,41
1,94	9,51	1,465
1,96	9,52	1,535
1,98	9,505	1,58
2	9,505	1,64
2,02	9,51	1,68
2,04	9,52	1,71
2,06	9,525	1,8
2,08	9,52	1,84
2,1	9,505	1,87
2,12	9,51	1,935
2,14	9,525	2,005
2,16	9,51	2,015
2,18	9,505	2,095
2,2	9,525	2,165
2,22	9,525	2,21
2,24	9,525	2,245
2,26	9,525	2,295
2,28	9,52	2,34
2,3	9,51	2,4
2,32	9,515	2,465
2,34	9,52	2,53
2,36	9,52	2,58
2,38	9,51	2,615
2,4	9,505	2,685
2,42	9,505	2,71
2,44	9,515	2,795
2,46	9,515	2,825
2,48	9,505	2,89
2,5	9,525	2,965
2,52	9,52	3
2,54	9,505	3,035
2,56	9,505	3,095
2,58	9,51	3,15
2,6	9,52	3,22
2,62	9,52	3,26
2,64	9,52	3,305
2,66	9,52	3,36
2,68	9,505	3,425
2,7	9,505	3,47
2,72	9,515	3,505
2,74	9,52	3,59
2,76	9,51	3,61
2,78	9,505	3,67
2,8	9,515	3,71
2,82	9,52	3,78
2,84	9,525	3,83
2,86	9,525	3,865
2,88	9,52	3,92
2,9	9,52	3,975
2,92	9,505	4,005
2,94	9,525	4,07
2,96	9,52	4,105
2,98	9,515	4,145
3	9,505	4,185
3,02	9,505	4,225
3,04	9,505	4,265
3,06	9,51	4,3
3,08	9,515	4,36
3,1	9,525	4,41
3,12	9,505	4,425
3,14	9,51	4,48
3,16	9,505	4,515
3,18	9,52	4,555
3,2	9,51	4,595
3,22	9,505	4,63
3,24	9,51	4,665
3,26	9,515	4,72
3,28	9,515	4,74
3,3	9,52	4,78
3,32	9,52	4,83
3,34	9,505	4,85
3,36	9,525	4,9
3,38	9,52	4,92
3,4	9,505	4,945
3,42	9,505	4,965
3,44	9,505	5,005
3,46	9,515	5,045
3,48	9,525	5,09
3,5	9,525	5,12
3,52	9,51	5,15
3,54	9,515	5,19
3,56	9,52	5,22
3,58	9,52	5,245
3,6	9,51	5,26
3,62	9,505	5,3
3,64	9,515	5,335
3,66	9,52	5,355
3,68	9,525	5,4
3,7	9,52	5,42
3,72	9,515	5,43
3,74	9,525	5,475
3,76	9,515	5,475
3,78	9,515	5,52
3,8	9,525	5,535
3,82	9,525	5,575
3,84	9,515	5,575
3,86	9,515	5,615
3,88	9,52	5,64
3,9	9,515	5,645
3,92	9,525	5,69
3,94	9,52	5,7
3,96	9,505	5,695
3,98	9,515	5,74
4	9,52	5,77
4,02	9,52	5,785
4,04	9,52	5,8
4,06	9,515	5,815
4,08	9,51	5,83
4,1	9,51	5,85
4,12	9,52	5,88
4,14	9,51	5,89
4,16	9,52	5,91
4,18	9,52	5,92
4,2	9,515	5,935
4,22	9,51	5,945
4,24	9,515	5,965
4,26	9,525	5,985
4,28	9,51	5,995
4,3	9,52	6,02
4,32	9,505	6,025
4,34	9,51	6,055
4,36	9,525	6,1
4,38	9,505	6,1
4,4	9,515	6,13
4,42	9,525	6,14
4,44	9,525	6,175
4,46	9,52	6,2
4,48	9,52	6,22
4,5	9,51	6,225
4,52	9,51	6,27
4,54	9,525	6,3
4,56	9,52	6,32
4,58	9,51	6,335
4,6	9,515	6,35
4,62	9,525	6,395
4,64	9,515	6,4
4,66	9,51	6,42
4,68	9,52	6,45
4,7	9,525	6,475
4,72	9,52	6,495
4,74	9,51	6,5
4,76	9,525	6,545
4,78	9,505	6,545
4,8	9,51	6,56
4,82	9,505	6,585
4,84	9,51	6,605
4,86	9,525	6,635
4,88	9,52	6,65
4,9	9,525	6,68
4,92	9,505	6,685
4,94	9,505	6,705
4,96	9,525	6,74
4,98	9,515	6,745
5	9,505	6,745
5,02	9,515	6,77
5,04	9,525	6,8
5,06	9,525	6,82
5,08	9,525	6,84
5,1	9,52	6,855
5,12	9,505	6,855
5,14	9,51	6,875
5,16	9,52	6,9
5,18	9,505	6,905
5,2	9,51	6,925
5,22	9,525	6,96
5,24	9,51	6,965
5,26	9,52	6,99
5,28	9,52	7,01
5,3	9,52	7,02
5,32	9,505	7,015
5,34	9,52	7,045
5,36	9,525	7,07
5,38	9,52	7,08
5,4	9,505	7,07
5,42	9,5	7,085
5,44	9,515	7,115
5,46	9,525	7,135
5,48	9,51	7,125
5,5	9,52	7,16
5,52	9,52	7,17
5,54	9,505	7,165
5,56	9,51	7,19
5,58	9,52	7,21
5,6	9,52	7,215
5,62	9,515	7,235
5,64	9,505	7,225
5,66	9,505	7,245
5,68	9,505	7,245
5,7	9,51	7,27
5,72	9,525	7,29
5,74	9,515	7,295
5,76	9,515	7,305
5,78	9,525	7,32
5,8	9,52	7,335
5,82	9,52	7,34
5,84	9,52	7,35
5,86	9,515	7,355
5,88	9,505	7,355
5,9	9,51	7,37
5,92	9,505	7,37
5,94	9,525	7,41
5,96	9,52	7,41
5,98	9,505	7,405
6	9,51	7,42
6,02	9,505	7,42
6,04	9,525	7,455
6,06	9,52	7,45
6,08	9,525	7,46
6,1	9,52	7,47
6,12	9,505	7,45
6,14	9,515	7,48
6,16	9,525	7,5
6,18	9,51	7,485
6,2	9,515	7,495
6,22	9,505	7,51
6,24	9,51	7,51
6,26	9,51	7,51
6,28	9,515	7,53
6,3	9,525	7,545
6,32	9,52	7,54
6,34	9,505	7,535
6,36	9,525	7,56
6,38	9,52	7,575
6,4	9,515	7,56
6,42	9,51	7,565
6,44	9,505	7,575
6,46	9,51	7,585
6,48	9,525	7,605
6,5	9,515	7,595
6,52	9,52	7,61
6,54	9,51	7,61
6,56	9,505	7,61
6,58	9,52	7,635
6,6	9,515	7,635
6,62	9,52	7,635
6,64	9,52	7,64
6,66	9,505	7,635
6,68	9,515	7,655
6,7	9,505	7,65
6,72	9,525	7,67
6,74	9,52	7,67
6,76	9,505	7,665
6,78	9,51	7,665
6,8	9,525	7,69
6,82	9,525	7,695
6,84	9,52	7,7
6,86	9,52	7,71
6,88	9,525	7,72
6,9	9,515	7,715
6,92	9,51	7,715
6,94	9,505	7,705
6,96	9,525	7,73
6,98	9,525	7,73
7	9,515	7,725
7,02	9,515	7,73
7,04	9,52	7,735
7,06	9,505	7,735
7,08	9,505	7,73
7,1	9,505	7,735
7,12	9,525	7,765
7,14	9,52	7,765
7,16	9,505	7,76
7,18	9,525	7,78
7,2	9,525	7,78
7,22	9,52	7,79
7,24	9,515	7,78
7,26	9,515	7,785
7,28	9,515	7,785
7,3	9,505	7,785
7,32	9,525	7,81
7,34	9,525	7,81
7,36	9,52	7,805
7,38	9,515	7,81
7,4	9,525	7,815
7,42	9,525	7,82
7,44	9,525	7,82
7,46	9,515	7,815
7,48	9,525	7,83
7,5	9,505	7,815
7,52	9,505	7,815
7,54	9,525	7,83
7,56	9,52	7,83
7,58	9,51	7,825
7,6	9,515	7,835
7,62	9,525	7,845
7,64	9,515	7,84
7,66	9,525	7,855
7,68	9,525	7,86
7,7	9,525	7,87
7,72	9,515	7,855
7,74	9,515	7,86
7,76	9,51	7,86
7,78	9,525	7,87
7,8	9,52	7,87
7,82	9,525	7,875
7,84	9,52	7,87
7,86	9,52	7,87
7,88	9,52	7,875
7,9	9,51	7,87
7,92	9,525	7,89
7,94	9,525	7,89
7,96	9,52	7,895
7,98	9,515	7,885
8	9,525	7,895
8,02	9,525	7,9
8,04	9,52	7,895
8,06	9,525	7,9
8,08	9,52	7,895
8,1	9,515	7,895
8,12	9,515	7,9
8,14	9,525	7,915
8,16	9,51	7,905
8,18	9,51	7,9
8,2	9,525	7,91
8,22	9,52	7,905
8,24	9,52	7,905
8,26	9,505	7,9
8,28	9,525	7,925
8,3	9,525	7,925
8,32	9,52	7,92
8,34	9,515	7,915
8,36	9,52	7,92
8,38	9,52	7,915
8,4	9,5	7,905
8,42	9,51	7,92
8,44	9,515	7,925
8,46	9,525	7,94
8,48	9,52	7,93
8,5	9,52	7,93
8,52	9,51	7,915
8,54	9,515	7,93
8,56	9,52	7,94
8,58	9,505	7,925
8,6	9,505	7,93
8,62	9,51	7,925
8,64	9,52	7,94
8,66	9,525	7,94
8,68	9,525	7,95
8,7	9,51	7,935
8,72	9,505	7,93
8,74	9,515	7,94
8,76	9,52	7,935
8,78	9,51	7,93
8,8	9,515	7,935
8,82	9,525	7,95
8,84	9,525	7,955
8,86	9,52	7,95
8,88	9,52	7,95
8,9	9,52	7,945
8,92	9,505	7,93
8,94	9,52	7,955
8,96	9,525	7,96
8,98	9,5	7,935
9	9,515	7,945
9,02	9,515	7,945
9,04	9,525	7,965
9,06	9,525	7,965
9,08	9,52	7,96
9,1	9,515	7,96
9,12	9,51	7,95
9,14	9,505	7,945
9,16	9,52	7,96
9,18	9,51	7,955
9,2	9,525	7,97
9,22	9,515	7,955
9,24	9,52	7,96
9,26	9,52	7,955
9,28	9,51	7,955
9,3	9,515	7,965
9,32	9,505	7,955
9,34	9,52	7,96
9,36	9,505	7,955
9,38	9,515	7,97
9,4	9,525	7,98
9,42	9,52	7,975
9,44	9,525	7,98
9,46	9,525	7,975
9,48	9,52	7,975
9,5	9,515	7,97
9,52	9,505	7,955
9,54	9,525	7,97
9,56	9,525	7,97
9,58	9,505	7,955
9,6	9,525	7,98
9,62	9,515	7,97
9,64	9,51	7,965
9,66	9,525	7,97
9,68	9,525	7,98
9,7	9,52	7,98
9,72	9,505	7,975
9,74	9,51	7,97
9,76	9,525	7,98
9,78	9,505	7,965
9,8	9,505	7,975
9,82	9,51	7,975
9,84	9,525	7,985
9,86	9,525	7,98
9,88	9,525	7,99
9,9	9,52	7,99
9,92	9,52	7,995
9,94	9,505	7,97
9,96	9,525	7,99
9,98	9,52	7,98
10	9,52	7,985
10,02	9,505	7,98
10,04	9,505	7,975
10,06	9,505	7,965
10,08	9,515	7,975
10,1	9,515	7,98
10,12	9,525	7,99
10,14	9,51	7,975
10,16	9,505	7,965
10,18	9,525	7,98
10,2	9,525	7,99
10,22	9,52	7,99
10,24	9,52	7,98
10,26	9,52	7,975
10,28	9,52	7,98
10,3	9,505	7,97
10,32	9,515	7,98
10,34	9,525	7,98
10,36	9,52	7,98
10,38	9,505	7,97
10,4	9,51	7,985
10,42	9,525	7,99
10,44	9,525	7,99
10,46	9,525	7,99
10,48	9,525	8,005
10,5	9,52	7,995
10,52	9,52	7,99
10,54	9,51	7,98
10,56	9,52	8
10,58	9,505	7,99
10,6	9,51	7,995
10,62	9,51	7,99
10,64	9,515	8
10,66	9,505	7,995
10,68	9,505	7,995
10,7	9,505	7,99
10,72	9,52	8,01
10,74	9,52	8,015
10,76	9,51	8,005
10,78	9,505	7,995
10,8	9,525	8,01
10,82	9,515	8,01
10,84	9,525	8,02
10,86	9,52	8,01
10,88	9,525	8,01
10,9	9,52	8,01
10,92	9,52	8,01
10,94	9,505	8
10,96	9,525	8,01
10,98	9,52	8,01
11	9,52	8,01
11,02	9,525	8,02
11,04	9,52	8,005
11,06	9,52	8,01
11,08	9,52	8,015
11,1	9,505	8,005
11,12	9,515	8,015
11,14	9,525	8,02
11,16	9,505	8
11,18	9,515	8,015
11,2	9,515	8,015
11,22	9,515	8,005
11,24	9,515	8,01
11,26	9,525	8,02
11,28	9,525	8,02
11,3	9,525	8,01
11,32	9,52	8,005
11,34	9,525	8,015
11,36	9,505	8
11,38	9,525	8,01
11,4	9,52	7,995
11,42	9,52	8
11,44	9,515	8
11,46	9,515	8
11,48	9,505	7,99
11,5	9,525	8,005
11,52	9,52	8,015
11,54	9,52	8,01
11,56	9,505	8
11,58	9,52	8,015
11,6	9,525	8,02
11,62	9,505	8,005
11,64	9,505	8
11,66	9,505	7,99
11,68	9,515	8,01
11,7	9,525	8,025
11,72	9,52	8,015
11,74	9,515	8
11,76	9,525	8,01
11,78	9,525	8,02
11,8	9,505	8
11,82	9,51	7,995
11,84	9,515	8
11,86	9,525	8,015
11,88	9,52	8,015
11,9	9,52	8,005
11,92	9,505	7,995
11,94	9,525	8,02
11,96	9,52	8,015
11,98	9,505	7,995
12	9,51	7,995
12,02	9,52	8,01
12,04	9,525	8,02
12,06	9,52	8,015
12,08	9,52	8,015
12,1	9,505	7,995
12,12	9,525	8,02
12,14	9,525	8,02
12,16	9,51	8
12,18	9,525	8,01
12,2	9,525	8,02
12,22	9,525	8,02
12,24	9,51	8
12,26	9,52	8,005
12,28	9,52	8
12,3	9,51	8
12,32	9,52	8,005
12,34	9,52	8
12,36	9,51	7,995
12,38	9,51	8
12,4	9,52	8,02
12,42	9,515	8,005
12,44	9,52	8,005
12,46	9,505	8
12,48	9,525	8,025
12,5	9,525	8,02
12,52	9,52	8,01
12,54	9,505	8
12,56	9,51	8,01
12,58	9,525	8,02
12,6	9,505	7,995
