MIN=0	0	-10	-10
MAX=226,274169979695	1	10	10
SCALE=226,274169979695	0,5	5	5
DEC=1	0	2	2
DEF="Tiempo" t / s	"Nivel" I_2	"Tensión" U_A1 / V	"Tensión" U_B1 / V
0	0	0,005	0,515
0,1	0	0	0,52
0,2	0	-0,01	0,515
0,3	0	-0,01	0,515
0,4	0	-0,01	0,515
0,499	0	-0,005	0,51
0,6	0	0	0,505
0,699	0	0	0,5
0,8	0	-0,01	0,505
0,901	0	-0,01	0,51
1	0	0	0,51
1,1	0	-0,005	0,505
1,2	0	0,005	0,51
1,3	0	0,005	0,51
1,4	0	0,005	0,515
1,5	0	-0,01	0,5
1,601	0	0,005	0,515
1,7	0	1,925	0,505
1,8	0	1,91	0,52
1,9	0	1,925	0,51
2	0	1,925	0,5
2,099	0	1,93	0,515
2,199	0	1,925	0,525
2,3	0	1,915	0,515
2,399	0	1,92	0,515
2,5	0	1,915	0,505
2,6	0	1,925	0,51
2,7	0	1,915	0,495
2,8	0	1,925	0,54
2,899	0	1,92	0,535
3	0	1,92	0,515
3,099	0	1,925	0,52
3,2	0	1,925	0,52
3,299	0	1,91	0,52
3,399	0	1,925	0,52
3,5	0	1,925	0,515
3,6	0	1,925	0,505
3,7	0	1,925	0,505
3,8	0	1,925	0,51
3,899	0	1,925	0,52
4	0	1,91	0,515
4,099	0	1,925	0,52
4,199	0	1,925	0,51
4,299	0	1,925	0,505
4,399	0	1,925	0,515
4,499	0	1,925	0,505
4,599	0	1,91	0,505
4,699	0	1,92	0,515
4,8	0	1,92	0,515
4,899	0	1,925	0,515
5	0	1,925	0,51
5,1	0	1,925	0,515
5,2	0	1,91	0,525
5,3	0	1,925	0,52
5,4	0	1,925	0,51
5,499	0	1,925	0,505
5,6	0	1,91	0,52
5,699	0	1,925	0,525
5,799	0	1,925	0,515
5,899	0	1,925	0,505
6,001	0	1,925	0,52
6,1	0	1,925	0,53
6,199	0	1,915	0,535
6,299	0	1,915	0,55
6,4	0	1,925	0,57
6,5	0	1,925	0,59
6,6	0	1,92	0,605
6,7	0	1,92	0,63
6,8	0	1,925	0,655
6,899	0	1,925	0,67
7	0	1,915	0,675
7,1	0	1,925	0,705
7,199	0	1,925	0,725
7,3	0	1,915	0,745
7,399	0	1,925	0,76
7,499	0	1,915	0,77
7,6	0	1,925	0,8
7,7	0	1,925	0,815
7,8	0	1,92	0,825
7,9	0	1,925	0,865
8	0	1,925	0,875
8,1	0	1,925	0,89
8,2	0	1,92	0,91
8,3	0	1,91	0,915
8,399	0	1,925	0,94
8,499	0	1,925	0,95
8,6	0	1,925	0,97
8,7	0	1,925	0,99
8,8	0	1,925	1,01
8,9	0	1,92	1,025
9	0	1,92	1,055
9,1	0	1,925	1,055
9,2	0	1,925	1,085
9,299	0	1,92	1,1
9,4	0	1,92	1,11
9,5	0	1,92	1,12
9,599	0	1,925	1,15
9,7	0	1,92	1,15
9,799	0	1,925	1,17
9,9	0	1,915	1,185
10	0	1,925	1,2
10,1	0	1,92	1,225
10,199	0	1,925	1,235
10,3	0	1,925	1,255
10,399	0	1,92	1,275
10,499	0	1,925	1,29
10,599	0	1,925	1,295
10,7	0	1,925	1,325
10,799	0	1,915	1,34
10,899	0	1,915	1,355
11	0	1,925	1,37
11,1	0	1,925	1,38
11,199	0	1,915	1,39
11,3	0	1,925	1,405
11,399	0	1,91	1,43
11,5	0	1,925	1,44
11,6	0	1,91	1,45
11,7	0	1,92	1,465
11,799	0	1,915	1,485
11,899	0	1,925	1,495
12	0	1,925	1,505
12,099	0	1,925	1,5
12,2	0	1,92	1,52
12,299	0	1,925	1,53
12,399	0	1,925	1,535
12,499	0	1,915	1,535
12,599	0	1,925	1,555
12,7	0	1,92	1,56
12,8	0	1,915	1,565
12,899	0	1,92	1,58
12,999	0	1,915	1,58
13,1	0	1,92	1,595
13,2	0	1,915	1,59
13,299	0	1,91	1,615
13,399	0	1,915	1,615
13,5	0	1,915	1,63
13,6	0	1,925	1,63
13,701	0	1,92	1,655
13,8	0	1,925	1,66
13,9	0	1,925	1,665
14	0	1,925	1,675
14,1	0	1,915	1,675
14,2	0	1,92	1,695
14,3	0	1,925	1,695
14,399	0	1,925	1,715
14,5	0	1,91	1,725
14,599	0	1,925	1,73
14,699	0	1,925	1,735
14,8	0	1,92	1,76
14,899	0	1,925	1,76
14,999	0	1,925	1,77
15,1	0	1,925	1,785
15,2	0	1,91	1,795
15,299	0	1,92	1,81
15,399	0	1,925	1,815
15,5	0	1,925	1,845
15,599	0	1,92	1,855
15,7	0	1,915	1,86
15,8	0	1,93	1,88
15,899	0	1,92	1,895
15,999	0	1,915	1,905
16,1	0	1,91	1,905
16,2	0	1,925	1,91
16,299	0	1,92	1,92
16,4	0	1,915	1,935
16,5	0	1,925	1,94
16,599	0	1,925	1,94
16,7	0	1,925	1,95
16,799	0	1,925	1,965
16,899	0	1,92	1,97
17	0	1,91	1,975
17,1	0	1,93	1,98
17,201	0	1,92	1,995
17,3	0	1,92	2
17,4	0	1,915	2,01
17,5	0	1,925	2,01
17,6	0	1,925	2,015
17,7	0	1,915	2,03
17,8	0	1,915	2,04
17,9	0	1,925	2,035
17,999	0	1,925	2,05
18,099	0	1,925	2,06
18,2	0	1,925	2,06
18,299	0	1,925	2,06
18,4	0	1,925	2,06
18,499	0	1,91	2,085
18,599	0	1,92	2,095
18,7	0	1,925	2,09
18,8	0	1,92	2,1
18,899	0	1,925	2,11
19	0	1,915	2,11
19,1	0	1,91	2,125
19,199	0	1,92	2,125
19,299	0	1,925	2,135
19,4	0	1,925	2,135
19,499	0	1,925	2,145
19,599	0	1,91	2,15
19,7	0	1,915	2,15
19,799	0	1,925	2,165
19,9	0	1,92	2,165
20	0	1,925	2,17
20,1	0	1,92	2,18
20,2	0	1,925	2,18
20,3	0	1,915	2,19
20,399	0	1,925	2,195
20,499	0	1,92	2,195
20,6	0	1,925	2,195
20,7	0	1,91	2,215
20,8	0	1,925	2,21
20,899	0	1,92	2,225
21	0	1,925	2,225
21,1	0	1,91	2,235
21,2	0	1,925	2,245
21,3	0	1,915	2,24
21,4	0	1,925	2,255
21,499	0	1,925	2,26
21,6	0	1,925	2,255
21,699	0	1,925	2,265
21,8	0	1,925	2,275
21,899	0	1,925	2,27
21,999	0	1,91	2,275
22,1	0	1,915	2,275
22,199	0	1,92	2,295
22,299	0	1,925	2,29
22,4	0	1,92	2,295
22,5	0	1,925	2,295
22,599	0	1,925	2,315
22,7	0	1,925	2,3
22,799	0	1,925	2,315
22,9	0	1,92	2,325
23	0	1,92	2,32
23,1	0	1,91	2,325
23,199	0	1,925	2,33
23,3	0	1,92	2,34
23,4	0	1,925	2,345
23,5	0	1,925	2,35
23,6	0	1,925	2,35
23,7	0	1,925	2,36
23,8	0	1,92	2,365
23,9	0	1,925	2,37
24	0	1,915	2,38
24,1	0	1,925	2,375
24,2	0	1,925	2,395
24,3	0	1,915	2,395
24,399	0	1,925	2,39
24,5	0	1,925	2,405
24,599	0	1,915	2,405
24,699	0	1,925	2,41
24,799	0	1,925	2,415
24,899	0	1,925	2,41
25	0	1,925	2,42
25,1	0	1,925	2,425
25,199	0	1,925	2,435
25,3	0	1,925	2,445
25,4	0	1,915	2,44
25,499	0	1,92	2,455
25,6	0	1,925	2,455
25,7	0	1,925	2,46
25,8	0	1,92	2,455
25,9	0	1,91	2,465
26	0	1,925	2,465
26,101	0	1,925	2,475
26,2	0	1,925	2,475
26,299	0	1,92	2,49
26,401	0	1,915	2,49
26,499	0	1,925	2,475
26,599	0	1,915	2,505
26,7	0	1,915	2,495
26,8	0	1,915	2,495
26,899	0	1,925	2,495
26,999	0	1,92	2,52
27,099	0	1,925	2,505
27,2	0	1,92	2,515
27,301	0	1,915	2,525
27,4	0	1,925	2,53
27,499	0	1,925	2,525
27,601	0	1,925	2,535
27,7	0	1,915	2,545
27,799	0	1,925	2,545
27,9	0	1,925	2,55
27,999	0	1,91	2,55
28,1	0	1,92	2,565
28,2	0	1,925	2,56
28,3	0	1,92	2,565
28,401	0	1,92	2,57
28,5	0	1,925	2,585
28,6	0	1,925	2,58
28,699	0	1,915	2,59
28,799	0	1,91	2,6
28,9	0	1,92	2,6
29	0	1,915	2,605
29,1	0	1,92	2,61
29,199	0	1,925	2,61
29,3	0	1,925	2,6
29,4	0	1,925	2,62
29,5	0	1,925	2,625
29,6	0	1,915	2,615
29,7	0	1,925	2,635
29,8	0	1,92	2,64
29,9	0	1,925	2,635
29,999	0	1,925	2,635
30,099	0	1,92	2,635
30,2	0	1,915	2,64
30,3	0	1,925	2,645
30,4	0	1,925	2,66
30,5	0	1,925	2,665
30,6	0	1,925	2,665
30,699	0	1,925	2,67
30,8	0	1,92	2,67
30,9	0	1,925	2,67
31	0	1,925	2,68
31,1	0	1,925	2,685
31,2	0	1,92	2,695
31,3	0	1,91	2,695
31,4	0	1,925	2,69
31,499	0	1,925	2,7
31,6	0	1,925	2,7
31,7	0	1,91	2,705
31,801	0	1,91	2,705
31,9	0	1,91	2,715
32	0	1,925	2,71
32,099	0	1,925	2,72
32,2	0	1,92	2,725
32,3	0	1,915	2,725
32,4	0	1,925	2,74
32,499	0	1,925	2,73
32,6	0	1,915	2,735
32,7	0	1,925	2,74
32,799	0	1,92	2,75
32,899	0	1,915	2,74
33	0	1,92	2,745
33,1	0	1,925	2,75
33,2	0	1,925	2,765
33,3	0	1,91	2,765
33,4	0	1,925	2,76
33,499	0	1,925	2,76
33,6	0	1,925	2,775
33,7	0	1,925	2,785
33,799	0	1,92	2,775
33,9	0	1,92	2,785
34	0	1,915	2,79
34,1	0	1,925	2,79
34,199	0	1,915	2,78
34,3	0	1,925	2,8
34,4	0	1,915	2,805
34,5	0	1,915	2,805
34,601	0	1,925	2,805
34,7	0	1,925	2,82
34,8	0	1,925	2,82
34,899	0	1,925	2,825
35	0	1,925	2,815
35,1	0	1,91	2,83
35,199	0	1,925	2,825
35,3	0	1,925	2,83
35,399	0	1,91	2,835
35,5	0	1,91	2,835
35,6	0	1,925	2,84
35,7	0	1,92	2,83
35,8	0	1,925	2,85
35,899	0	1,925	2,85
36	0	1,92	2,85
36,1	0	1,915	2,865
36,2	0	1,925	2,865
36,3	0	1,92	2,865
36,4	0	1,925	2,875
36,499	0	1,92	2,86
36,6	0	1,915	2,88
36,7	0	1,925	2,885
36,799	0	1,92	2,88
36,9	0	1,915	2,875
37,001	0	1,92	2,885
37,1	0	1,915	2,885
37,2	0	1,925	2,895
37,301	0	1,915	2,905
37,4	0	1,925	2,905
37,5	0	1,92	2,905
37,6	0	1,925	2,9
37,7	0	1,925	2,91
37,8	0	1,92	2,925
37,9	0	1,925	2,91
38	0	1,915	2,92
38,1	0	1,925	2,915
38,2	0	1,925	2,93
38,3	0	1,915	2,935
38,399	0	1,925	2,92
38,501	0	1,925	2,94
38,6	0	1,925	2,94
38,699	0	1,925	2,935
38,8	0	1,915	2,95
38,9	0	1,93	2,955
39	0	1,92	2,955
39,1	0	1,925	2,95
39,199	0	1,925	2,955
39,3	0	1,92	2,965
39,399	0	1,925	2,975
39,5	0	1,925	2,96
39,599	0	1,91	2,975
39,7	0	1,91	2,985
39,799	0	1,925	2,975
39,9	0	1,915	2,985
39,999	0	1,915	2,985
40,1	0	1,925	2,99
40,2	0	1,925	2,985
40,299	0	1,925	2,98
40,399	0	1,925	2,995
40,5	0	1,92	3
40,599	0	1,915	3,005
40,7	0	1,92	3,005
40,8	0	1,92	3,005
40,901	0	1,925	2,995
41	0	1,925	3,015
41,1	0	1,925	3,01
41,2	0	1,91	3,015
41,299	0	1,915	3,025
41,4	0	1,915	3,015
41,5	0	1,92	3,03
41,6	0	1,925	3,02
41,7	0	1,92	3,035
41,8	0	1,925	3,03
41,9	0	1,925	3,03
41,999	0	1,925	3,04
42,099	0	1,925	3,035
42,199	0	1,925	3,03
42,3	0	1,925	3,045
42,4	0	1,92	3,055
42,499	0	1,925	3,04
42,599	0	1,915	3,045
42,7	0	1,925	3,045
42,8	0	1,925	3,065
42,899	0	1,925	3,065
43	0	1,925	3,06
43,099	0	1,92	3,07
43,2	0	1,925	3,075
43,299	0	1,92	3,075
43,4	0	1,92	3,08
43,5	0	1,91	3,085
43,6	0	1,925	3,085
43,7	0	1,92	3,085
43,799	0	1,925	3,085
43,9	0	1,925	3,095
43,999	0	1,925	3,09
44,1	0	1,925	3,1
44,2	0	1,92	3,095
44,3	0	1,915	3,105
44,399	0	1,925	3,11
44,5	0	1,925	3,095
44,6	0	1,91	3,105
44,7	0	1,92	3,125
44,799	0	1,92	3,115
44,9	0	1,925	3,115
45	0	1,91	3,125
45,099	0	1,92	3,13
45,199	0	1,92	3,135
45,3	0	1,925	3,135
45,399	0	1,915	3,14
45,5	0	1,925	3,145
45,599	0	1,92	3,145
45,7	0	1,925	3,135
45,799	0	1,925	3,14
45,9	0	1,925	3,15
45,999	0	1,925	3,135
46,1	0	1,925	3,15
46,2	0	1,915	3,15
46,299	0	1,925	3,16
46,4	0	1,925	3,145
46,5	0	1,91	3,165
46,599	0	1,92	3,165
46,699	0	1,92	3,16
46,8	0	1,925	3,175
46,899	0	1,92	3,18
47	0	1,925	3,18
47,1	0	1,925	3,18
47,199	0	1,92	3,18
47,3	0	1,925	3,175
47,4	0	1,91	3,185
47,5	0	1,92	3,19
47,6	0	1,915	3,19
47,7	0	1,925	3,2
47,799	0	1,91	3,195
47,9	0	1,925	3,19
47,999	0	1,925	3,195
48,099	0	1,925	3,185
48,199	0	1,925	3,195
48,3	0	1,925	3,205
48,401	0	1,915	3,2
48,499	0	1,925	3,215
48,6	0	1,92	3,215
48,699	0	1,915	3,21
48,8	0	1,925	3,22
48,9	0	1,925	3,22
49	0	1,91	3,225
49,1	0	1,93	3,225
49,199	0	1,925	3,235
49,3	0	1,925	3,235
49,4	0	1,92	3,23
49,5	0	1,92	3,22
49,6	0	1,93	3,235
49,7	0	1,92	3,24
49,799	0	1,91	3,23
49,9	0	1,925	3,235
49,999	0	1,92	3,24
50,1	0	1,925	3,25
50,2	0	1,92	3,255
50,3	0	1,925	3,26
50,4	0	1,915	3,25
50,5	0	1,915	3,26
50,6	0	1,91	3,25
50,7	0	1,925	3,265
50,799	0	1,925	3,255
50,9	0	1,915	3,27
50,999	0	1,92	3,265
51,099	0	1,925	3,27
51,2	0	1,925	3,255
51,3	0	1,925	3,27
51,399	0	1,925	3,27
51,5	0	1,925	3,27
51,599	0	1,925	3,27
51,7	0	1,925	3,285
51,8	0	1,925	3,29
51,899	0	1,925	3,285
51,999	0	1,925	3,28
52,1	0	1,925	3,28
52,2	0	1,93	3,295
52,299	0	1,93	3,295
52,4	0	1,925	3,29
52,5	0	1,925	3,295
52,6	0	1,93	3,29
52,7	0	1,92	3,305
52,8	0	1,925	3,305
52,9	0	1,925	3,31
52,999	0	1,92	3,29
53,1	0	1,925	3,31
53,2	0	1,925	3,3
53,3	0	1,915	3,3
53,4	0	1,925	3,3
53,5	0	1,925	3,3
53,6	0	1,925	3,32
53,7	0	1,91	3,325
53,801	0	1,915	3,32
53,9	0	1,92	3,325
54	0	1,915	3,325
54,1	0	1,925	3,32
54,2	0	1,92	3,335
54,299	0	1,915	3,335
54,4	0	1,91	3,335
54,5	0	1,92	3,33
54,599	0	1,93	3,34
54,699	0	1,925	3,33
54,8	0	1,925	3,335
54,9	0	1,925	3,335
55	0	1,92	3,34
55,1	0	1,92	3,335
55,2	0	1,925	3,345
55,299	0	1,925	3,34
55,399	0	1,915	3,355
55,5	0	1,91	3,36
55,6	0	1,915	3,36
55,7	0	1,92	3,36
55,8	0	1,925	3,36
55,9	0	1,91	3,365
56	0	1,92	3,36
56,099	0	1,925	3,365
56,2	0	1,925	3,365
56,3	0	1,925	3,375
56,399	0	1,92	3,375
56,499	0	1,925	3,375
56,6	0	1,925	3,365
56,699	0	1,93	3,375
56,8	0	1,92	3,375
56,9	0	1,925	3,36
56,999	0	1,91	3,38
57,099	0	1,925	3,37
57,2	0	1,925	3,375
57,299	0	1,91	3,385
57,399	0	1,925	3,375
57,5	0	1,915	3,385
57,6	0	1,915	3,395
57,699	0	1,925	3,395
57,799	0	1,93	3,385
57,899	0	1,925	3,38
58	0	1,92	3,395
58,1	0	1,925	3,39
58,2	0	1,925	3,4
58,3	0	1,925	3,395
58,4	0	1,915	3,405
58,499	0	1,915	3,4
58,599	0	1,92	3,4
58,7	0	1,92	3,405
58,8	0	1,925	3,405
58,9	0	1,925	3,415
59	0	1,915	3,415
59,1	0	1,925	3,415
59,2	0	1,91	3,415
59,299	0	1,925	3,41
59,4	0	1,915	3,41
59,5	0	1,91	3,425
59,599	0	1,925	3,42
59,7	0	1,91	3,42
59,8	0	1,915	3,425
59,9	0	1,93	3,42
60	0	1,925	3,425
60,1	0	1,925	3,425
60,199	0	1,925	3,415
60,3	0	1,925	3,425
60,4	0	1,92	3,44
60,5	0	1,92	3,44
60,599	0	1,92	3,44
60,699	0	1,925	3,445
60,799	0	1,925	3,43
60,9	0	1,915	3,44
60,999	0	1,915	3,44
61,099	0	1,925	3,46
61,2	0	1,91	3,445
61,299	0	1,925	3,46
61,399	0	1,925	3,45
61,5	0	1,925	3,445
61,6	0	1,925	3,445
61,699	0	1,92	3,45
61,8	0	1,92	3,45
61,9	0	1,925	3,46
62	0	1,91	3,465
62,1	0	1,925	3,46
62,2	0	1,92	3,465
62,3	0	1,91	3,475
62,399	0	1,92	3,475
62,501	0	1,925	3,465
62,6	0	1,925	3,465
62,699	0	1,92	3,48
62,8	0	1,915	3,475
62,9	0	1,925	3,475
63	0	1,915	3,48
63,099	0	1,925	3,485
63,199	0	1,925	3,49
63,299	0	1,925	3,48
63,399	0	1,92	3,49
63,5	0	1,92	3,485
63,6	0	1,92	3,485
63,699	0	1,925	3,49
63,8	0	1,915	3,5
63,9	0	1,925	3,5
64	0	1,925	3,505
64,1	0	1,92	3,505
64,199	0	1,915	3,5
64,301	0	1,915	3,5
64,399	0	1,92	3,51
64,499	0	1,925	3,505
64,601	0	1,925	3,495
64,7	0	1,93	3,505
64,801	0	1,92	3,5
64,9	0	1,925	3,505
65	0	1,92	3,515
65,1	0	1,925	3,505
65,199	0	1,92	3,51
65,3	0	1,925	3,51
65,399	0	1,925	3,52
65,499	0	1,915	3,51
65,6	0	1,915	3,515
65,699	0	1,92	3,51
65,8	0	1,925	3,52
65,9	0	1,925	3,51
65,999	0	1,925	3,52
66,1	0	1,93	3,525
66,2	0	1,925	3,53
66,299	0	1,92	3,535
66,399	0	1,92	3,515
66,5	0	1,91	3,53
66,6	0	1,925	3,525
66,699	0	1,91	3,53
66,799	0	1,925	3,535
66,899	0	1,915	3,54
67	0	1,92	3,54
67,1	0	1,915	3,54
67,2	0	1,92	3,53
67,3	0	1,925	3,545
67,399	0	1,925	3,545
67,5	0	1,92	3,535
67,599	0	1,915	3,54
67,7	0	1,92	3,535
67,799	0	1,92	3,545
67,899	0	1,925	3,535
68	0	1,925	3,54
68,1	0	1,915	3,55
68,2	0	1,925	3,555
68,3	0	1,925	3,54
68,4	0	1,925	3,55
68,499	0	1,91	3,555
68,6	0	1,925	3,555
68,7	0	1,925	3,555
68,8	0	1,925	3,565
68,9	0	1,925	3,565
68,999	0	1,92	3,565
69,101	0	1,93	3,555
69,2	0	1,91	3,545
69,3	0	1,915	3,56
69,399	0	1,925	3,57
69,499	0	1,915	3,565
69,6	0	1,92	3,565
69,701	0	1,925	3,57
69,799	0	1,91	3,565
69,901	0	1,93	3,56
70	0	1,91	3,58
70,1	0	1,91	3,575
70,199	0	1,925	3,575
70,299	0	1,925	3,58
70,4	0	1,92	3,575
70,5	0	1,925	3,58
70,599	0	1,925	3,585
70,7	0	1,915	3,575
70,799	0	1,92	3,585
70,9	0	1,925	3,58
71	0	1,92	3,58
71,1	0	1,925	3,585
71,2	0	1,925	3,585
71,299	0	1,93	3,58
71,401	0	1,925	3,585
71,5	0	1,915	3,595
71,599	0	1,93	3,585
71,7	0	1,925	3,59
71,8	0	1,92	3,595
71,9	0	1,925	3,605
72,001	0	1,925	3,595
72,1	0	1,915	3,595
72,2	0	1,915	3,605
72,301	0	1,925	3,6
72,4	0	1,925	3,605
72,501	0	1,92	3,605
72,6	0	1,92	3,595
72,7	0	1,925	3,605
72,801	0	1,925	3,605
72,9	0	1,915	3,605
73	0	1,915	3,61
73,101	0	1,91	3,61
73,2	0	1,925	3,59
73,3	0	1,92	3,605
73,4	0	1,925	3,595
73,501	0	1,915	3,615
73,601	0	1,915	3,615
73,7	0	1,92	3,61
73,8	0	1,925	3,605
73,901	0	1,925	3,61
74	0	1,925	3,6
74,1	0	1,915	3,615
74,201	0	1,92	3,61
74,301	0	1,925	3,62
74,401	0	1,92	3,615
74,5	0	1,915	3,625
74,602	0	1,925	3,615
74,701	0	1,925	3,625
74,801	0	1,925	3,62
74,9	0	1,925	3,625
75,001	0	1,92	3,63
75,1	0	1,92	3,63
75,2	0	1,92	3,625
75,3	0	1,92	3,635
75,4	0	1,915	3,625
75,5	0	1,925	3,62
75,601	0	1,925	3,635
75,7	0	1,915	3,635
75,8	0	1,915	3,64
75,899	0	1,925	3,64
76,001	0	1,925	3,64
76,1	0	1,92	3,63
76,2	0	1,925	3,64
76,301	0	1,925	3,635
76,401	0	1,92	3,64
76,5	0	1,925	3,64
76,601	0	1,925	3,635
76,7	0	1,925	3,64
76,8	0	1,925	3,64
76,9	0	1,93	3,645
77,001	0	1,925	3,64
77,101	0	1,92	3,645
77,2	0	1,925	3,64
77,301	0	1,92	3,65
77,401	0	1,92	3,645
77,501	0	1,91	3,645
77,6	0	1,92	3,655
77,7	0	1,91	3,65
77,801	0	1,92	3,66
77,901	0	1,92	3,655
78	0	1,91	3,66
78,101	0	1,93	3,655
78,201	0	1,915	3,65
78,3	0	1,93	3,655
78,401	0	1,92	3,65
78,5	0	1,92	3,65
78,6	0	1,92	3,665
78,701	0	1,925	3,65
78,8	0	1,915	3,665
78,9	0	1,92	3,655
79,001	0	1,91	3,67
79,101	0	1,92	3,65
79,2	0	1,925	3,665
79,301	0	1,915	3,67
79,401	0	1,93	3,675
79,501	0	1,925	3,67
79,6	0	1,925	3,675
79,7	0	1,925	3,655
79,8	0	1,925	3,67
79,9	0	1,91	3,67
80	0	1,93	3,665
80,101	0	1,92	3,67
80,201	0	1,925	3,68
80,3	0	1,93	3,665
80,401	0	1,92	3,665
80,502	0	1,92	3,67
80,6	0	1,93	3,68
80,7	0	1,915	3,675
80,801	0	1,925	3,68
80,9	0	1,92	3,675
81	0	1,925	3,67
81,101	0	1,92	3,69
81,2	0	1,93	3,685
81,301	0	1,925	3,675
81,4	0	1,925	3,675
81,501	0	1,91	3,685
81,6	0	1,925	3,68
81,701	0	1,915	3,695
81,8	0	1,925	3,695
81,901	0	1,925	3,69
82	0	1,925	3,695
82,101	0	1,91	3,685
82,2	0	1,92	3,695
82,301	0	1,915	3,695
82,401	0	1,925	3,69
82,5	0	1,915	3,685
82,6	0	1,915	3,695
82,7	0	1,915	3,7
82,801	0	1,925	3,685
82,9	0	1,91	3,695
83,001	0	1,915	3,7
83,1	0	1,925	3,69
83,201	0	1,925	3,69
83,3	0	1,925	3,685
83,4	0	1,93	3,695
83,501	0	1,92	3,7
83,601	0	1,925	3,705
83,7	0	1,925	3,705
83,8	0	1,925	3,71
83,901	0	1,93	3,71
84,001	0	1,925	3,705
84,1	0	1,925	3,705
84,2	0	1,925	3,705
84,3	0	1,925	3,705
84,4	0	1,915	3,695
84,501	0	1,925	3,71
84,601	0	1,92	3,705
84,7	0	1,92	3,71
84,8	0	1,92	3,705
84,901	0	1,925	3,71
85,001	0	1,925	3,71
85,1	0	1,925	3,71
85,201	0	1,925	3,72
85,3	0	1,925	3,705
85,4	0	1,915	3,71
85,502	0	1,92	3,725
85,601	0	1,92	3,72
85,7	0	1,925	3,71
85,801	0	1,915	3,725
85,9	0	1,925	3,71
86	0	1,92	3,72
86,1	0	1,92	3,725
86,201	0	1,92	3,725
86,3	0	1,915	3,725
86,401	0	1,925	3,72
86,501	0	1,925	3,72
86,6	0	1,92	3,72
86,701	0	1,925	3,725
86,8	0	1,915	3,725
86,9	0	1,915	3,715
87	0	1,925	3,725
87,101	0	1,915	3,725
87,201	0	1,915	3,725
87,3	0	1,92	3,725
87,4	0	1,925	3,725
87,501	0	1,925	3,725
87,6	0	1,92	3,725
87,7	0	1,925	3,735
87,801	0	1,91	3,72
87,9	0	1,925	3,72
88,001	0	1,925	3,735
88,1	0	1,92	3,735
88,2	0	1,925	3,735
88,3	0	1,925	3,725
88,401	0	1,915	3,73
88,499	0	1,925	3,725
88,6	0	1,915	3,735
88,7	0	1,92	3,73
88,801	0	1,915	3,725
88,9	0	1,915	3,73
89	0	1,91	3,735
89,101	0	1,925	3,73
89,2	0	1,925	3,745
89,301	0	1,91	3,74
89,4	0	1,925	3,745
89,5	0	1,91	3,745
89,6	0	1,92	3,74
89,7	0	1,92	3,74
89,8	0	1,925	3,74
89,9	0	1,925	3,745
90	0	1,925	3,735
90,101	0	1,91	3,735
90,201	0	1,92	3,735
90,3	0	1,925	3,745
90,4	0	1,93	3,75
90,501	0	1,925	3,75
90,6	0	1,92	3,755
90,701	0	1,915	3,745
90,8	0	1,925	3,74
90,9	0	1,925	3,745
91,001	0	1,915	3,75
91,1	0	1,91	3,75
91,201	0	1,915	3,75
91,3	0	1,92	3,755
91,4	0	1,925	3,75
91,501	0	1,92	3,755
91,6	0	1,925	3,765
91,7	0	1,92	3,75
91,801	0	1,92	3,75
91,901	0	1,925	3,755
92,001	0	1,93	3,75
92,101	0	1,925	3,755
92,2	0	1,92	3,76
92,3	0	1,925	3,765
92,401	0	1,92	3,765
92,501	0	1,93	3,76
92,601	0	1,925	3,75
92,7	0	1,925	3,76
92,801	0	1,93	3,755
92,901	0	1,925	3,75
93	0	1,925	3,76
93,101	0	1,93	3,75
93,2	0	1,915	3,765
93,3	0	1,925	3,76
93,401	0	1,925	3,76
93,5	0	1,93	3,76
93,6	0	1,92	3,755
93,701	0	1,915	3,77
93,8	0	1,915	3,75
93,901	0	1,925	3,76
94	0	1,925	3,765
94,101	0	1,91	3,77
94,2	0	1,91	3,765
94,3	0	1,92	3,76
94,401	0	1,925	3,775
94,5	0	1,91	3,775
94,6	0	1,925	3,775
94,7	0	1,915	3,755
94,801	0	1,925	3,77
94,9	0	1,915	3,775
95,001	0	1,925	3,755
95,101	0	1,925	3,76
95,2	0	1,925	3,775
95,3	0	1,925	3,77
95,4	0	1,91	3,765
95,5	0	1,925	3,76
95,601	0	1,925	3,765
95,7	0	1,925	3,775
95,8	0	1,92	3,775
95,9	0	1,925	3,775
96,001	0	1,925	3,77
96,1	0	1,925	3,785
96,201	0	1,92	3,78
96,3	0	1,92	3,77
96,401	0	1,92	3,78
96,5	0	1,93	3,77
96,601	0	1,925	3,785
96,7	0	1,915	3,785
96,801	0	1,925	3,775
96,9	0	1,91	3,785
97	0	1,925	3,77
97,1	0	1,925	3,775
97,199	0	1,925	3,785
97,3	0	1,925	3,775
97,401	0	1,915	3,78
97,5	0	1,925	3,785
97,601	0	1,925	3,775
97,701	0	1,925	3,78
97,8	0	1,915	3,79
97,901	0	1,92	3,77
98	0	1,92	3,775
98,1	0	1,93	3,785
98,2	0	1,925	3,78
98,3	0	1,925	3,785
98,401	0	1,925	3,79
98,5	0	1,92	3,795
98,6	0	1,92	3,795
98,7	0	1,925	3,795
98,801	0	1,92	3,795
98,9	0	1,925	3,795
99,001	0	1,925	3,79
99,1	0	1,925	3,795
99,2	0	1,925	3,795
99,3	0	1,915	3,795
99,4	0	1,925	3,79
99,5	0	1,915	3,785
99,601	0	1,925	3,8
99,7	0	1,91	3,8
99,8	0	1,92	3,8
99,899	0	1,925	3,805
100	0	1,925	3,805
100,101	0	1,915	3,805
100,2	0	1,91	3,79
100,301	0	1,925	3,805
100,4	0	1,915	3,8
100,5	0	1,92	3,805
100,6	0	1,91	3,805
100,7	0	1,925	3,79
100,8	0	1,92	3,795
100,9	0	1,925	3,795
101	0	1,92	3,81
101,1	0	1,925	3,805
101,201	0	1,925	3,815
101,3	0	1,92	3,815
101,401	0	1,925	3,81
101,501	0	1,925	3,81
101,6	0	1,925	3,805
101,701	0	1,93	3,805
101,8	0	1,91	3,805
101,9	0	1,915	3,81
102	0	1,915	3,815
102,1	0	1,925	3,81
102,199	0	1,91	3,815
102,3	0	1,915	3,795
102,4	0	1,92	3,805
102,501	0	1,925	3,8
102,6	0	1,93	3,81
102,701	0	1,925	3,815
102,8	0	1,93	3,805
102,901	0	1,915	3,815
103	0	1,925	3,81
103,1	0	1,925	3,795
103,2	0	1,92	3,81
103,3	0	1,925	3,805
103,401	0	1,92	3,81
103,5	0	1,925	3,82
103,6	0	1,925	3,825
103,701	0	1,925	3,81
103,8	0	1,925	3,81
103,9	0	1,93	3,815
104	0	1,925	3,82
104,101	0	1,925	3,82
104,2	0	1,92	3,825
104,3	0	1,925	3,825
104,401	0	1,92	3,815
104,5	0	1,925	3,825
104,6	0	1,925	3,81
104,701	0	1,915	3,825
104,8	0	1,92	3,825
104,9	0	1,925	3,815
105,001	0	1,925	3,815
105,101	0	1,925	3,825
105,2	0	1,92	3,82
105,3	0	1,93	3,815
105,4	0	1,91	3,825
105,5	0	1,925	3,825
105,6	0	1,925	3,82
105,702	0	1,93	3,825
105,8	0	1,915	3,825
105,9	0	1,925	3,825
106	0	1,925	3,83
106,1	0	1,915	3,835
106,201	0	1,93	3,825
106,3	0	1,91	3,825
106,401	0	1,915	3,825
106,5	0	1,925	3,825
106,6	0	1,925	3,82
106,701	0	1,92	3,825
106,8	0	1,925	3,825
106,9	0	1,925	3,835
107,001	0	1,92	3,835
107,1	0	1,92	3,83
107,2	0	1,925	3,83
107,3	0	1,925	3,825
107,4	0	1,91	3,835
107,501	0	1,925	3,825
107,6	0	1,93	3,83
107,7	0	1,91	3,835
107,8	0	1,93	3,84
107,9	0	1,925	3,82
108,001	0	1,925	3,83
108,1	0	1,92	3,835
108,201	0	1,925	3,83
108,3	0	1,925	3,845
108,4	0	1,92	3,84
108,5	0	1,915	3,83
108,601	0	1,925	3,825
108,7	0	1,915	3,84
108,8	0	1,91	3,84
108,901	0	1,925	3,84
109	0	1,92	3,835
109,1	0	1,925	3,825
109,2	0	1,925	3,845
109,3	0	1,925	3,83
109,402	0	1,92	3,835
109,501	0	1,925	3,845
109,6	0	1,925	3,845
109,702	0	1,92	3,83
109,8	0	1,92	3,845
109,9	0	1,93	3,84
110	0	1,92	3,83
110,101	0	1,925	3,83
110,2	0	1,925	3,835
110,3	0	1,92	3,84
110,399	0	1,92	3,845
110,501	0	1,915	3,84
110,6	0	1,92	3,845
110,701	0	1,925	3,83
110,8	0	1,925	3,83
110,901	0	1,92	3,845
111,001	0	1,925	3,84
111,1	0	1,925	3,845
111,201	0	1,925	3,835
111,301	0	1,925	3,84
111,4	0	1,93	3,855
111,501	0	1,92	3,845
111,6	0	1,925	3,845
111,7	0	1,925	3,845
111,8	0	1,925	3,84
111,9	0	1,92	3,85
112,001	0	1,925	3,84
112,1	0	1,925	3,845
112,199	0	1,92	3,84
112,3	0	1,915	3,845
112,4	0	1,925	3,85
112,501	0	1,925	3,84
112,6	0	1,92	3,845
112,701	0	1,915	3,845
112,8	0	1,925	3,835
112,9	0	1,915	3,845
113,001	0	1,925	3,855
113,1	0	1,91	3,855
113,201	0	1,92	3,855
113,301	0	1,93	3,845
113,4	0	1,92	3,85
113,501	0	1,925	3,845
113,601	0	1,925	3,85
113,7	0	1,925	3,855
113,8	0	1,925	3,86
113,9	0	1,92	3,845
114,001	0	1,915	3,845
114,1	0	1,925	3,86
114,2	0	1,925	3,86
114,301	0	1,925	3,845
114,4	0	1,92	3,86
114,501	0	1,91	3,855
114,6	0	1,925	3,845
114,7	0	1,925	3,86
114,8	0	1,915	3,865
114,9	0	1,93	3,865
115	0	1,925	3,84
115,1	0	1,92	3,86
115,201	0	1,92	3,855
115,3	0	1,925	3,86
115,4	0	1,91	3,855
115,5	0	1,93	3,86
115,6	0	1,925	3,855
115,701	0	1,925	3,845
115,8	0	1,925	3,865
115,9	0	1,915	3,86
116	0	1,925	3,85
116,1	0	1,93	3,85
116,201	0	1,925	3,86
116,3	0	1,92	3,865
116,4	0	1,91	3,865
116,5	0	1,93	3,855
116,6	0	1,93	3,845
116,7	0	1,925	3,86
116,801	0	1,925	3,85
116,9	0	1,925	3,855
117	0	1,93	3,86
117,1	0	1,92	3,865
117,201	0	1,93	3,865
117,3	0	1,925	3,865
117,401	0	1,925	3,865
117,5	0	1,925	3,865
117,599	0	1,915	3,855
117,7	0	1,93	3,865
117,8	0	1,925	3,865
117,9	0	1,925	3,865
118,001	0	1,93	3,865
118,1	0	1,925	3,855
118,2	0	1,92	3,845
118,3	0	1,93	3,855
118,4	0	1,915	3,855
118,501	0	1,925	3,86
118,6	0	1,915	3,86
118,7	0	1,925	3,855
118,801	0	1,93	3,86
118,9	0	1,91	3,865
119	0	1,93	3,855
119,101	0	1,925	3,865
119,2	0	1,93	3,87
119,299	0	1,92	3,865
119,4	0	1,93	3,865
119,5	0	1,92	3,865
119,6	0	1,92	3,865
119,701	0	1,92	3,865
119,801	0	1,91	3,855
119,9	0	1,925	3,865
120,001	0	1,925	3,865
120,101	0	1,925	3,875
120,2	0	1,925	3,86
120,301	0	1,915	3,875
120,4	0	1,92	3,865
120,5	0	1,925	3,865
120,6	0	1,925	3,865
120,7	0	1,925	3,87
120,8	0	1,925	3,88
120,9	0	1,915	3,875
121,001	0	1,925	3,87
121,1	0	1,925	3,88
121,2	0	1,925	3,86
121,3	0	1,915	3,87
121,401	0	1,92	3,87
121,5	0	1,93	3,875
121,601	0	1,92	3,87
121,7	0	1,93	3,885
121,8	0	1,915	3,88
121,9	0	1,93	3,88
122,001	0	1,925	3,87
122,101	0	1,925	3,87
122,2	0	1,915	3,875
122,301	0	1,92	3,865
122,4	0	1,92	3,885
122,501	0	1,925	3,875
122,601	0	1,92	3,86
122,701	0	1,925	3,87
122,8	0	1,92	3,87
122,9	0	1,925	3,87
123	0	1,93	3,87
123,1	0	1,915	3,88
123,201	0	1,915	3,865
123,3	0	1,925	3,88
123,4	0	1,91	3,875
123,501	0	1,93	3,855
123,6	0	1,925	3,855
123,701	0	1,92	3,87
123,8	0	1,92	3,865
123,9	0	1,925	3,875
124	0	1,91	3,875
124,101	0	1,925	3,87
124,201	0	1,925	3,87
124,3	0	1,92	3,875
124,401	0	1,915	3,875
124,5	0	1,92	3,875
124,601	0	1,925	3,87
124,7	0	1,925	3,87
124,8	0	1,925	3,875
124,9	0	1,92	3,87
125	0	1,925	3,87
125,1	0	1,915	3,875
125,2	0	1,925	3,87
125,301	0	1,915	3,86
125,4	0	1,925	3,865
125,501	0	1,925	3,865
125,6	0	1,915	3,87
125,701	0	1,92	3,86
125,801	0	1,915	3,875
125,901	0	1,91	3,875
126,001	0	1,92	3,87
126,1	0	1,925	3,875
126,2	0	1,915	3,87
126,3	0	1,915	3,885
126,401	0	1,92	3,88
126,5	0	1,925	3,88
126,601	0	1,925	3,87
126,7	0	1,93	3,87
126,8	0	1,91	3,87
126,901	0	1,925	3,87
127	0	1,925	3,875
127,099	0	1,925	3,87
127,2	0	1,925	3,865
127,301	0	1,915	3,87
127,4	0	1,915	3,87
127,5	0	1,925	3,87
127,6	0	1,92	3,865
127,701	0	1,91	3,88
127,8	0	1,915	3,875
127,9	0	1,925	3,88
128,001	0	1,925	3,875
128,1	0	1,92	3,865
128,2	0	1,915	3,88
128,301	0	1,925	3,875
128,4	0	1,915	3,87
128,5	0	1,925	3,885
128,6	0	1,92	3,875
128,699	0	1,93	3,865
128,8	0	1,925	3,875
128,9	0	1,925	3,875
129	0	1,92	3,875
129,101	0	1,925	3,87
129,201	0	1,925	3,88
129,3	0	1,93	3,87
129,4	0	1,92	3,88
129,5	0	1,93	3,865
129,6	0	1,925	3,87
129,7	0	1,92	3,88
129,801	0	1,915	3,87
129,901	0	1,925	3,86
130	0	1,92	3,88
130,1	0	1,915	3,865
130,201	0	1,92	3,87
130,3	0	1,915	3,87
130,401	0	1,925	3,87
130,5	0	1,925	3,865
130,6	0	1,92	3,875
130,701	0	1,925	3,87
130,801	0	1,925	3,87
130,901	0	1,925	3,865
131,001	0	1,925	3,87
131,1	0	1,92	3,875
131,201	0	1,925	3,86
131,3	0	1,92	3,87
131,4	0	1,925	3,87
131,5	0	1,93	3,875
131,6	0	1,925	3,87
131,7	0	1,92	3,86
131,8	0	1,92	3,865
131,9	0	1,915	3,86
131,999	0	1,93	3,875
132,1	0	1,925	3,865
132,2	0	1,925	3,875
132,3	0	1,92	3,875
132,4	0	1,92	3,86
132,501	0	1,915	3,87
132,6	0	1,915	3,87
132,7	0	1,925	3,865
132,8	0	1,925	3,86
132,9	0	1,925	3,87
133	0	1,93	3,87
133,1	0	1,915	3,875
133,2	0	1,92	3,865
133,301	0	1,925	3,865
133,4	0	1,925	3,875
133,5	0	1,925	3,87
133,601	0	1,925	3,865
133,7	0	1,925	3,865
133,801	0	1,92	3,865
133,9	0	1,915	3,865
133,999	0	1,91	3,865
134,1	0	1,925	3,875
134,2	0	1,915	3,87
134,301	0	1,925	3,865
134,4	0	1,915	3,865
134,5	0	1,925	3,865
134,6	0	1,915	3,865
134,7	0	1,925	3,865
134,8	0	1,925	3,87
134,901	0	1,925	3,865
135	0	1,925	3,87
135,1	0	1,92	3,86
135,2	0	1,925	3,865
135,3	0	1,92	3,865
135,4	0	1,925	3,865
135,5	0	1,92	3,855
135,6	0	1,92	3,86
135,701	0	1,925	3,875
135,802	0	1,925	3,86
135,9	0	1,915	3,855
135,999	0	1,925	3,86
136,1	0	1,91	3,865
136,2	0	1,925	3,85
136,3	0	1,915	3,865
136,401	0	1,925	3,865
136,5	0	1,925	3,865
136,6	0	1,92	3,86
136,7	0	1,93	3,855
136,8	0	1,92	3,875
136,9	0	1,93	3,855
137	0	1,92	3,865
137,1	0	1,925	3,855
137,2	0	1,925	3,865
137,299	0	1,925	3,86
137,4	0	1,925	3,865
137,5	0	1,93	3,855
137,6	0	1,925	3,865
137,7	0	1,925	3,855
137,8	0	1,92	3,865
137,9	0	1,92	3,86
138	0	1,915	3,87
138,101	0	1,915	3,855
138,2	0	1,915	3,865
138,3	0	1,925	3,85
138,401	0	1,915	3,865
138,5	0	1,92	3,86
138,6	0	1,925	3,865
138,701	0	1,925	3,865
138,8	0	1,925	3,865
138,901	0	1,925	3,845
139	0	1,92	3,865
139,099	0	1,92	3,865
139,2	0	1,92	3,865
139,301	0	1,915	3,865
139,4	0	1,925	3,855
139,5	0	1,925	3,865
139,6	0	1,915	3,865
139,701	0	1,92	3,86
139,8	0	1,92	3,865
139,901	0	1,93	3,86
140	0	1,91	3,855
140,101	0	1,92	3,86
140,2	0	1,925	3,86
140,3	0	1,92	3,865
140,4	0	1,925	3,86
140,5	0	1,925	3,87
140,6	0	1,925	3,875
140,701	0	1,915	3,865
140,8	0	1,925	3,87
140,901	0	1,925	3,86
141	0	1,915	3,865
141,1	0	1,925	3,865
141,2	0	1,925	3,865
141,3	0	1,925	3,865
141,401	0	1,925	3,86
141,5	0	1,925	3,87
141,6	0	1,93	3,865
141,7	0	1,925	3,865
141,8	0	1,93	3,855
141,9	0	1,925	3,855
141,999	0	1,925	3,86
142,1	0	1,92	3,86
142,2	0	1,93	3,87
142,3	0	1,925	3,865
142,4	0	1,925	3,855
142,501	0	1,92	3,86
142,6	0	1,925	3,865
142,7	0	1,92	3,865
142,8	0	1,925	3,865
142,9	0	1,92	3,865
143,001	0	1,925	3,85
143,1	0	1,925	3,85
143,2	0	1,925	3,855
143,299	0	1,91	3,865
143,4	0	1,93	3,86
143,5	0	1,925	3,865
143,599	0	1,925	3,855
143,699	0	1,925	3,865
143,8	0	1,925	3,855
143,9	0	1,925	3,855
144	0	1,925	3,87
144,1	0	1,925	3,86
144,2	0	1,925	3,87
144,3	0	1,925	3,855
144,401	0	1,925	3,85
144,501	0	1,93	3,865
144,6	0	1,925	3,86
144,701	0	1,93	3,865
144,8	0	1,93	3,855
144,899	0	1,925	3,855
144,999	0	1,925	3,86
145,099	0	1,92	3,875
145,2	0	1,92	3,87
145,3	0	1,92	3,87
145,4	0	1,92	3,865
145,5	0	1,925	3,85
145,6	0	1,93	3,845
145,701	0	1,915	3,865
145,801	0	1,925	3,865
145,9	0	1,92	3,86
146	0	1,92	3,865
146,101	0	1,91	3,87
146,2	0	1,925	3,875
146,3	0	1,93	3,865
146,401	0	1,93	3,865
146,5	0	1,93	3,855
146,6	0	1,92	3,855
146,701	0	1,925	3,855
146,8	0	1,925	3,86
146,9	0	1,92	3,86
147	0	1,925	3,855
147,101	0	1,91	3,865
147,2	0	1,925	3,85
147,3	0	1,925	3,86
147,399	0	1,92	3,865
147,5	0	1,925	3,865
147,6	0	1,92	3,86
147,7	0	1,925	3,86
147,8	0	1,925	3,865
147,9	0	1,93	3,855
148	0	1,915	3,855
148,102	0	1,925	3,85
148,199	0	1,915	3,87
148,3	0	1,92	3,86
148,4	0	1,925	3,865
148,5	0	1,915	3,87
148,601	0	1,91	3,875
148,7	0	1,925	3,865
148,801	0	1,925	3,845
148,9	0	1,925	3,855
149	0	1,925	3,86
149,1	0	1,92	3,845
149,2	0	1,93	3,86
149,301	0	1,925	3,86
149,401	0	1,92	3,845
149,5	0	1,925	3,86
149,6	0	1,915	3,865
149,7	0	1,915	3,86
149,801	0	1,93	3,855
149,9	0	1,93	3,865
150	0	1,925	3,855
150,101	0	1,93	3,865
150,201	0	1,92	3,865
150,3	0	1,92	3,86
150,4	0	1,92	3,855
150,5	0	1,92	3,86
150,6	0	1,925	3,85
150,701	0	1,925	3,865
150,8	0	1,915	3,85
150,9	0	1,925	3,855
151	0	1,92	3,86
151,1	0	1,92	3,855
151,2	0	1,925	3,855
151,3	0	1,925	3,865
151,4	0	1,93	3,86
151,5	0	1,92	3,865
151,6	0	1,92	3,85
151,699	0	1,91	3,855
151,8	0	1,925	3,86
151,9	0	1,92	3,865
152,001	0	1,925	3,855
152,1	0	1,915	3,865
152,2	0	1,925	3,85
152,3	0	1,925	3,855
152,399	0	1,925	3,86
152,5	0	1,92	3,865
152,599	0	1,91	3,865
152,7	0	1,925	3,86
152,8	0	1,925	3,85
152,9	0	1,92	3,845
153	0	1,925	3,86
153,1	0	1,93	3,85
153,199	0	1,92	3,865
153,299	0	1,925	3,865
153,4	0	1,92	3,855
153,5	0	1,92	3,865
153,6	0	1,925	3,86
153,7	0	1,92	3,865
153,8	0	1,92	3,865
153,9	0	1,925	3,86
154,001	0	1,915	3,865
154,1	0	1,925	3,855
154,2	0	1,925	3,86
154,3	0	1,925	3,86
154,4	0	1,925	3,86
154,502	0	1,925	3,865
154,6	0	1,92	3,86
154,7	0	1,925	3,86
154,8	0	1,925	3,855
154,9	0	1,925	3,855
155	0	1,925	3,85
155,1	0	1,925	3,865
155,2	0	1,92	3,85
155,3	0	1,925	3,865
155,4	0	1,92	3,865
155,501	0	1,93	3,845
155,601	0	1,91	3,86
155,7	0	1,92	3,865
155,8	0	1,925	3,85
155,901	0	1,925	3,855
156	0	1,925	3,865
156,1	0	1,925	3,855
156,2	0	1,925	3,865
156,301	0	1,925	3,86
156,4	0	1,91	3,86
156,501	0	1,925	3,865
156,6	0	1,925	3,865
156,7	0	1,91	3,865
156,8	0	1,925	3,845
156,9	0	1,92	3,865
157	0	1,925	3,865
157,1	0	1,93	3,865
157,2	0	1,925	3,86
157,301	0	1,93	3,865
157,4	0	1,92	3,865
157,501	0	1,925	3,845
157,6	0	1,915	3,86
157,7	0	1,925	3,865
157,8	0	1,925	3,85
157,9	0	1,925	3,86
158	0	1,925	3,86
158,099	0	1,925	3,855
158,199	0	1,91	3,86
158,3	0	1,915	3,85
158,4	0	1,925	3,86
158,5	0	1,93	3,85
158,599	0	1,925	3,86
158,7	0	1,92	3,865
158,8	0	1,925	3,85
158,9	0	1,92	3,85
159,001	0	1,92	3,86
159,101	0	1,915	3,855
159,201	0	1,925	3,87
159,3	0	1,92	3,865
159,4	0	1,925	3,86
159,501	0	1,915	3,865
159,6	0	1,925	3,855
159,7	0	1,915	3,855
159,801	0	1,915	3,865
159,901	0	1,925	3,85
160	0	1,925	3,855
160,1	0	1,925	3,855
160,2	0	1,92	3,86
160,3	0	1,925	3,865
160,4	0	1,925	3,855
160,5	0	1,925	3,865
160,599	0	1,925	3,85
160,7	0	1,925	3,85
160,8	0	1,925	3,865
160,9	0	1,92	3,865
161,001	0	1,93	3,865
161,1	0	1,92	3,855
161,2	0	1,925	3,855
161,3	0	1,93	3,86
161,401	0	1,925	3,86
161,5	0	1,93	3,86
161,6	0	1,925	3,86
161,701	0	1,92	3,855
161,8	0	1,925	3,85
161,9	0	1,925	3,855
162,001	0	1,93	3,855
162,1	0	1,93	3,86
162,2	0	1,925	3,855
162,301	0	1,925	3,855
162,4	0	1,91	3,855
162,5	0	1,92	3,865
162,6	0	1,925	3,86
162,701	0	1,925	3,85
162,8	0	1,92	3,865
162,9	0	1,925	3,86
163	0	1,93	3,86
163,1	0	1,925	3,865
163,201	0	1,925	3,86
163,3	0	1,93	3,855
163,4	0	1,925	3,865
163,5	0	1,92	3,845
163,601	0	1,925	3,865
163,7	0	1,925	3,845
163,801	0	1,925	3,845
163,9	0	1,92	3,865
164	0	1,915	3,865
164,1	0	1,925	3,865
164,2	0	1,92	3,865
164,301	0	1,92	3,855
164,4	0	1,92	3,865
164,499	0	1,915	3,865
164,6	0	1,925	3,87
164,7	0	1,92	3,86
164,799	0	1,93	3,86
164,9	0	1,91	3,86
165	0	1,915	3,86
165,1	0	1,92	3,865
165,2	0	1,915	3,86
165,3	0	1,925	3,865
165,401	0	1,925	3,85
165,5	0	1,92	3,86
165,6	0	1,915	3,86
165,7	0	1,925	3,86
165,802	0	1,925	3,86
165,9	0	1,915	3,86
166	0	1,92	3,865
166,1	0	1,93	3,865
166,2	0	1,92	3,865
166,3	0	1,915	3,865
166,4	0	1,925	3,855
166,5	0	1,92	3,87
166,6	0	1,93	3,855
166,7	0	1,925	3,86
166,8	0	1,925	3,875
166,901	0	1,915	3,87
167	0	1,915	3,865
167,101	0	1,925	3,86
167,2	0	1,925	3,865
167,3	0	1,925	3,865
167,401	0	1,93	3,865
167,5	0	1,925	3,865
167,6	0	1,91	3,855
167,701	0	1,925	3,855
167,8	0	1,92	3,86
167,899	0	1,93	3,855
168	0	1,925	3,85
168,1	0	1,925	3,865
168,2	0	1,93	3,86
168,3	0	1,91	3,86
168,4	0	1,91	3,86
168,501	0	1,925	3,845
168,6	0	1,925	3,845
168,7	0	1,92	3,86
168,801	0	1,925	3,86
168,9	0	1,925	3,86
169,001	0	1,925	3,86
169,101	0	1,925	3,855
169,2	0	1,925	3,855
169,299	0	1,93	3,855
169,4	0	1,925	3,855
169,501	0	1,925	3,855
169,601	0	1,925	3,865
169,701	0	1,925	3,855
169,8	0	1,91	3,86
169,901	0	1,915	3,855
170	0	1,93	3,86
170,1	0	1,92	3,86
170,2	0	1,925	3,865
170,3	0	1,925	3,85
170,401	0	1,925	3,845
170,5	0	1,91	3,855
170,6	0	1,91	3,85
170,701	0	1,92	3,855
170,8	0	1,915	3,855
170,9	0	1,925	3,855
171,001	0	1,915	3,855
171,101	0	1,915	3,85
171,2	0	1,925	3,85
171,299	0	1,93	3,855
171,4	0	1,93	3,845
171,5	0	1,925	3,86
171,601	0	1,925	3,855
171,7	0	1,925	3,85
171,801	0	1,925	3,86
171,9	0	1,92	3,85
172	0	1,92	3,86
172,101	0	1,91	3,85
172,201	0	1,925	3,855
172,301	0	1,925	3,855
172,4	0	1,925	3,86
172,5	0	1,925	3,845
172,6	0	1,915	3,84
172,7	0	1,925	3,86
172,8	0	1,93	3,865
172,9	0	1,92	3,855
173	0	1,915	3,845
173,1	0	1,925	3,855
173,2	0	1,925	3,85
173,3	0	1,93	3,85
173,4	0	1,93	3,86
173,5	0	1,925	3,855
173,599	0	1,925	3,845
173,7	0	1,93	3,845
173,8	0	1,93	3,845
173,899	0	1,925	3,86
174	0	1,92	3,86
174,1	0	1,925	3,865
174,201	0	1,92	3,86
174,301	0	1,93	3,845
174,4	0	1,925	3,85
174,5	0	1,925	3,86
174,6	0	1,925	3,86
174,701	0	1,925	3,845
174,8	0	1,925	3,85
174,901	0	1,92	3,855
175	0	1,915	3,855
175,101	0	1,925	3,855
175,2	0	1,925	3,84
175,301	0	1,925	3,855
175,4	0	1,925	3,86
175,5	0	1,925	3,85
175,601	0	1,92	3,835
175,7	0	1,925	3,855
175,801	0	1,925	3,845
175,901	0	1,92	3,845
176	0	1,925	3,855
176,101	0	1,925	3,85
176,199	0	1,925	3,855
176,3	0	1,925	3,845
176,4	0	1,925	3,845
176,5	0	1,925	3,86
176,6	0	1,925	3,845
176,7	0	1,925	3,85
176,801	0	1,92	3,845
176,9	0	1,915	3,86
177	0	1,925	3,855
177,1	0	1,925	3,865
177,2	0	1,92	3,855
177,299	0	1,92	3,86
177,4	0	1,92	3,855
177,499	0	1,92	3,855
177,6	0	1,93	3,85
177,7	0	1,92	3,855
177,801	0	1,925	3,845
177,9	0	1,92	3,85
178,001	0	1,925	3,85
178,1	0	1,925	3,865
178,2	0	1,925	3,845
178,299	0	1,915	3,845
178,4	0	1,915	3,86
178,501	0	1,925	3,85
178,6	0	1,91	3,855
178,7	0	1,925	3,865
178,801	0	1,925	3,865
178,9	0	1,925	3,845
179	0	1,92	3,865
179,1	0	1,925	3,865
179,201	0	1,925	3,855
179,3	0	1,91	3,86
179,399	0	1,915	3,855
179,5	0	1,925	3,85
179,6	0	1,925	3,86
179,7	0	1,925	3,86
179,801	0	1,915	3,86
179,901	0	1,92	3,865
180	0	1,925	3,865
180,099	0	1,92	3,865
180,2	0	1,925	3,86
180,299	0	1,925	3,86
180,4	0	1,93	3,86
180,5	0	1,925	3,86
180,6	0	1,925	3,85
180,7	0	1,925	3,86
180,801	0	1,915	3,86
180,9	0	1,915	3,865
