MIN=0	0	-10	-10
MAX=160	1	10	10
SCALE=160	0,5	5	5
DEC=1	0	2	2
DEF="Tiempo" t / s	"Nivel" I_2	"Tensión" U_A1 / V	"Tensión" U_B1 / V
0	0	-0,02	0,515
0,099	0	0	0,505
0,2	0	0,005	0,515
0,3	0	0	0,505
0,399	0	0,005	0,505
0,499	0	0,005	0,495
0,599	0	0,005	0,505
0,699	0	-0,005	0,52
0,8	0	0	0,515
0,899	0	0,005	0,51
1	0	-0,01	0,52
1,1	0	2,335	0,51
1,199	0	2,325	0,515
1,299	0	2,325	0,515
1,399	0	2,335	0,51
1,5	0	2,315	0,5
1,599	0	2,32	0,5
1,7	0	2,335	0,51
1,8	0	2,33	0,515
1,899	0	2,32	0,505
1,999	0	2,325	0,51
2,099	0	2,335	0,51
2,199	0	2,33	0,5
2,3	0	2,335	0,51
2,399	0	2,325	0,515
2,5	0	2,335	0,51
2,6	0	2,335	0,515
2,699	0	2,32	0,515
2,799	0	2,335	0,505
2,9	0	2,315	0,51
3	0	2,335	0,51
3,1	0	2,325	0,51
3,199	0	2,33	0,515
3,3	0	2,32	0,51
3,4	0	2,33	0,52
3,499	0	2,32	0,515
3,599	0	2,325	0,51
3,7	0	2,325	0,515
3,799	0	2,325	0,52
3,899	0	2,335	0,5
4	0	2,32	0,515
4,1	0	2,335	0,51
4,199	0	2,315	0,505
4,301	0	2,33	0,515
4,399	0	2,32	0,52
4,499	0	2,32	0,515
4,599	0	2,325	0,51
4,699	0	2,335	0,515
4,8	0	2,32	0,52
4,9	0	2,325	0,51
5	0	2,32	0,51
5,099	0	2,32	0,505
5,199	0	2,32	0,505
5,3	0	2,325	0,52
5,399	0	2,325	0,52
5,5	0	2,325	0,5
5,6	0	2,335	0,51
5,699	0	2,32	0,515
5,8	0	2,335	0,505
5,9	0	2,33	0,505
6	0	2,325	0,51
6,1	0	2,33	0,51
6,199	0	2,325	0,51
6,3	0	2,33	0,52
6,4	0	2,32	0,515
6,5	0	2,325	0,515
6,6	0	2,315	0,515
6,699	0	2,315	0,515
6,8	0	2,335	0,51
6,899	0	2,335	0,51
6,999	0	2,325	0,495
7,1	0	2,325	0,5
7,2	0	2,33	0,5
7,3	0	2,33	0,51
7,399	0	2,325	0,505
7,5	0	2,33	0,505
7,599	0	2,335	0,51
7,699	0	2,33	0,51
7,8	0	2,32	0,515
7,9	0	2,325	0,51
7,999	0	2,325	0,515
8,099	0	2,32	0,515
8,202	0	2,335	0,52
8,3	0	2,32	0,51
8,4	0	2,33	0,515
8,499	0	2,325	0,505
8,599	0	2,32	0,5
8,699	0	2,33	0,51
8,8	0	2,33	0,51
8,899	0	2,33	0,495
9	0	2,335	0,5
9,099	0	2,33	0,51
9,2	0	2,32	0,5
9,3	0	2,32	0,51
9,399	0	2,335	0,505
9,5	0	2,335	0,505
9,6	0	2,325	0,515
9,699	0	2,325	0,515
9,799	0	2,32	0,515
9,901	0	2,325	0,515
10	0	2,325	0,505
10,099	0	2,325	0,505
10,2	0	2,335	0,515
10,299	0	2,335	0,51
10,4	0	2,315	0,505
10,499	0	2,335	0,515
10,602	0	2,335	0,51
10,699	0	2,335	0,505
10,799	0	2,325	0,515
10,9	0	2,335	0,515
10,999	0	2,33	0,505
11,099	0	2,33	0,515
11,199	0	2,315	0,505
11,3	0	2,315	0,495
11,4	0	2,325	0,49
11,499	0	2,335	0,505
11,601	0	2,325	0,505
11,7	0	2,33	0,51
11,799	0	2,32	0,51
11,901	0	2,325	0,51
11,999	0	2,33	0,505
12,099	0	2,325	0,515
12,2	0	2,32	0,505
12,299	0	2,32	0,51
12,401	0	2,335	0,51
12,5	0	2,32	0,5
12,599	0	2,32	0,51
12,699	0	2,335	0,515
12,799	0	2,335	0,51
12,9	0	2,33	0,515
13,003	0	2,335	0,515
13,1	0	2,335	0,52
13,199	0	2,32	0,51
13,299	0	2,335	0,515
13,4	0	2,32	0,505
13,499	0	2,315	0,515
13,601	0	2,325	0,515
13,7	0	2,325	0,505
13,8	0	2,33	0,495
13,901	0	2,335	0,505
14	0	2,33	0,51
14,1	0	2,335	0,5
14,201	0	2,33	0,5
14,3	0	2,325	0,51
14,4	0	2,325	0,51
14,499	0	2,33	0,51
14,601	0	2,315	0,515
14,699	0	2,32	0,515
14,799	0	2,325	0,515
14,9	0	2,32	0,5
15	0	2,32	0,51
15,101	0	2,32	0,51
15,199	0	2,315	0,5
15,3	0	2,33	0,515
15,402	0	2,325	0,505
15,499	0	2,33	0,515
15,6	0	2,335	0,51
15,699	0	2,325	0,52
15,799	0	2,325	0,505
15,899	0	2,32	0,51
16	0	2,325	0,525
16,099	0	2,335	0,495
16,2	0	2,33	0,515
16,3	0	2,335	0,505
16,4	0	2,315	0,52
16,5	0	2,33	0,52
16,599	0	2,325	0,515
16,7	0	2,32	0,51
16,799	0	2,335	0,51
16,899	0	2,325	0,515
16,999	0	2,335	0,515
17,1	0	2,335	0,515
17,2	0	2,325	0,5
17,3	0	2,32	0,515
17,399	0	2,325	0,505
17,5	0	2,335	0,505
17,6	0	2,335	0,515
17,701	0	2,335	0,5
17,8	0	2,32	0,505
17,901	0	2,32	0,51
18	0	2,32	0,51
18,1	0	2,32	0,515
18,201	0	2,33	0,515
18,3	0	2,335	0,51
18,4	0	2,335	0,5
18,5	0	2,335	0,495
18,6	0	2,325	0,515
18,7	0	2,32	0,515
18,801	0	2,325	0,505
18,9	0	2,325	0,515
19,001	0	2,335	0,52
19,1	0	2,31	0,535
19,201	0	2,325	0,52
19,3	0	2,32	0,51
19,4	0	2,335	0,51
19,501	0	2,335	0,505
19,601	0	2,32	0,51
19,7	0	2,335	0,51
19,8	0	2,315	0,52
19,9	0	2,335	0,51
20,001	0	2,325	0,515
20,1	0	2,32	0,515
20,201	0	2,335	0,51
20,3	0	2,315	0,52
20,401	0	2,31	0,51
20,5	0	2,335	0,505
20,6	0	2,32	0,51
20,701	0	2,32	0,51
20,801	0	2,335	0,52
20,901	0	2,325	0,51
21	0	2,325	0,515
21,101	0	2,33	0,515
21,2	0	2,315	0,515
21,301	0	2,33	0,51
21,401	0	2,325	0,51
21,5	0	2,33	0,51
21,6	0	2,315	0,515
21,702	0	2,32	0,525
21,801	0	2,325	0,53
21,9	0	2,335	0,56
22,002	0	2,335	0,575
22,101	0	2,32	0,6
22,2	0	2,335	0,615
22,301	0	2,32	0,64
22,401	0	2,325	0,68
22,5	0	2,33	0,69
22,601	0	2,335	0,72
22,701	0	2,335	0,735
22,8	0	2,32	0,77
22,901	0	2,32	0,79
23,001	0	2,325	0,815
23,1	0	2,335	0,83
23,201	0	2,32	0,855
23,3	0	2,315	0,88
23,401	0	2,33	0,895
23,5	0	2,315	0,92
23,601	0	2,325	0,935
23,701	0	2,315	0,975
23,801	0	2,32	0,995
23,9	0	2,335	1
24	0	2,325	1,02
24,1	0	2,335	1,055
24,2	0	2,325	1,08
24,301	0	2,315	1,1
24,4	0	2,335	1,12
24,501	0	2,33	1,14
24,6	0	2,335	1,15
24,701	0	2,335	1,185
24,801	0	2,315	1,205
24,9	0	2,335	1,225
25	0	2,32	1,24
25,1	0	2,33	1,26
25,2	0	2,32	1,285
25,301	0	2,325	1,305
25,401	0	2,33	1,325
25,5	0	2,335	1,34
25,601	0	2,325	1,36
25,7	0	2,33	1,37
25,8	0	2,32	1,395
25,9	0	2,33	1,405
26,001	0	2,32	1,415
26,1	0	2,325	1,42
26,201	0	2,33	1,445
26,3	0	2,335	1,465
26,401	0	2,33	1,47
26,5	0	2,33	1,485
26,6	0	2,325	1,5
26,701	0	2,315	1,52
26,8	0	2,33	1,52
26,9	0	2,33	1,54
27	0	2,335	1,55
27,101	0	2,325	1,565
27,2	0	2,335	1,575
27,301	0	2,33	1,6
27,4	0	2,32	1,61
27,501	0	2,325	1,615
27,601	0	2,325	1,64
27,7	0	2,325	1,64
27,8	0	2,325	1,665
27,9	0	2,335	1,675
28,001	0	2,325	1,675
28,1	0	2,32	1,695
28,201	0	2,335	1,705
28,301	0	2,33	1,735
28,4	0	2,335	1,75
28,5	0	2,325	1,765
28,601	0	2,335	1,78
28,701	0	2,325	1,8
28,8	0	2,33	1,81
28,902	0	2,32	1,825
29	0	2,315	1,84
29,101	0	2,315	1,85
29,2	0	2,33	1,865
29,299	0	2,335	1,885
29,401	0	2,32	1,9
29,5	0	2,31	1,915
29,601	0	2,325	1,925
29,7	0	2,325	1,945
29,801	0	2,33	1,955
29,9	0	2,33	1,96
30	0	2,33	1,985
30,1	0	2,33	2
30,201	0	2,325	2,005
30,3	0	2,32	2,02
30,401	0	2,335	2,035
30,5	0	2,33	2,04
30,6	0	2,33	2,05
30,701	0	2,335	2,065
30,8	0	2,32	2,085
30,9	0	2,33	2,095
31,001	0	2,325	2,1
31,101	0	2,325	2,115
31,2	0	2,335	2,115
31,301	0	2,315	2,13
31,4	0	2,325	2,145
31,5	0	2,335	2,145
31,602	0	2,32	2,165
31,7	0	2,335	2,175
31,8	0	2,335	2,185
31,9	0	2,335	2,18
32,001	0	2,335	2,2
32,101	0	2,33	2,21
32,201	0	2,335	2,225
32,3	0	2,335	2,23
32,4	0	2,325	2,235
32,501	0	2,325	2,255
32,6	0	2,335	2,26
32,7	0	2,33	2,275
32,801	0	2,315	2,275
32,901	0	2,335	2,29
33	0	2,335	2,305
33,101	0	2,335	2,305
33,201	0	2,33	2,32
33,3	0	2,325	2,315
33,401	0	2,325	2,33
33,501	0	2,32	2,345
33,6	0	2,335	2,34
33,701	0	2,315	2,365
33,801	0	2,335	2,36
33,9	0	2,33	2,37
34,001	0	2,33	2,385
34,101	0	2,33	2,395
34,2	0	2,325	2,395
34,301	0	2,32	2,41
34,401	0	2,335	2,42
34,501	0	2,335	2,44
34,6	0	2,335	2,43
34,7	0	2,325	2,435
34,8	0	2,33	2,465
34,9	0	2,335	2,47
35	0	2,335	2,47
35,101	0	2,335	2,48
35,201	0	2,33	2,495
35,3	0	2,32	2,49
35,4	0	2,335	2,515
35,502	0	2,33	2,52
35,6	0	2,325	2,53
35,7	0	2,315	2,54
35,802	0	2,325	2,55
35,9	0	2,335	2,55
36,001	0	2,32	2,555
36,102	0	2,325	2,575
36,2	0	2,32	2,58
36,301	0	2,32	2,58
36,4	0	2,32	2,59
36,501	0	2,315	2,605
36,6	0	2,335	2,605
36,701	0	2,325	2,625
36,801	0	2,325	2,625
36,9	0	2,335	2,645
37	0	2,335	2,645
37,1	0	2,335	2,66
37,2	0	2,325	2,665
37,3	0	2,325	2,655
37,401	0	2,33	2,685
37,5	0	2,325	2,675
37,601	0	2,325	2,69
37,7	0	2,335	2,705
37,801	0	2,33	2,705
37,9	0	2,325	2,715
38,001	0	2,32	2,715
38,101	0	2,33	2,715
38,2	0	2,325	2,745
38,301	0	2,33	2,75
38,4	0	2,325	2,755
38,502	0	2,325	2,765
38,6	0	2,325	2,77
38,701	0	2,335	2,78
38,801	0	2,32	2,785
38,901	0	2,325	2,8
39,001	0	2,325	2,795
39,1	0	2,32	2,815
39,2	0	2,315	2,815
39,3	0	2,325	2,815
39,4	0	2,335	2,835
39,5	0	2,32	2,845
39,6	0	2,335	2,84
39,7	0	2,315	2,86
39,8	0	2,335	2,85
39,901	0	2,32	2,875
40	0	2,32	2,88
40,1	0	2,335	2,885
40,201	0	2,335	2,885
40,3	0	2,325	2,9
40,401	0	2,33	2,91
40,501	0	2,335	2,915
40,601	0	2,32	2,92
40,7	0	2,325	2,935
40,801	0	2,325	2,93
40,9	0	2,33	2,94
41	0	2,33	2,955
41,101	0	2,32	2,955
41,2	0	2,32	2,96
41,301	0	2,32	2,965
41,401	0	2,32	2,975
41,5	0	2,33	2,985
41,6	0	2,335	2,98
41,701	0	2,32	2,985
41,8	0	2,335	3,005
41,901	0	2,33	3,02
42	0	2,325	3,02
42,1	0	2,335	3,01
42,201	0	2,325	3,015
42,3	0	2,315	3,035
42,4	0	2,335	3,05
42,5	0	2,33	3,04
42,6	0	2,335	3,055
42,701	0	2,325	3,065
42,801	0	2,33	3,065
42,9	0	2,32	3,075
43	0	2,325	3,09
43,1	0	2,315	3,085
43,199	0	2,335	3,09
43,3	0	2,335	3,115
43,401	0	2,325	3,115
43,501	0	2,335	3,12
43,6	0	2,32	3,135
43,701	0	2,32	3,135
43,8	0	2,325	3,145
43,901	0	2,315	3,145
44	0	2,32	3,15
44,1	0	2,33	3,165
44,2	0	2,335	3,165
44,3	0	2,33	3,175
44,401	0	2,32	3,185
44,5	0	2,335	3,185
44,601	0	2,325	3,195
44,7	0	2,32	3,205
44,8	0	2,325	3,215
44,9	0	2,325	3,215
45,001	0	2,325	3,22
45,1	0	2,32	3,23
45,2	0	2,33	3,225
45,301	0	2,31	3,235
45,401	0	2,335	3,245
45,5	0	2,335	3,255
45,6	0	2,325	3,25
45,701	0	2,32	3,265
45,8	0	2,325	3,27
45,901	0	2,315	3,285
46	0	2,325	3,28
46,1	0	2,32	3,295
46,201	0	2,325	3,29
46,301	0	2,31	3,305
46,4	0	2,33	3,305
46,501	0	2,32	3,31
46,6	0	2,32	3,315
46,7	0	2,325	3,32
46,801	0	2,32	3,32
46,9	0	2,325	3,345
47,001	0	2,33	3,345
47,101	0	2,33	3,355
47,201	0	2,33	3,35
47,3	0	2,33	3,355
47,4	0	2,325	3,37
47,5	0	2,32	3,375
47,601	0	2,32	3,38
47,701	0	2,33	3,39
47,801	0	2,335	3,39
47,9	0	2,325	3,395
48	0	2,325	3,4
48,1	0	2,335	3,415
48,201	0	2,325	3,415
48,301	0	2,33	3,415
48,4	0	2,315	3,43
48,501	0	2,33	3,425
48,601	0	2,32	3,43
48,7	0	2,33	3,44
48,801	0	2,335	3,45
48,901	0	2,325	3,46
49,001	0	2,325	3,47
49,1	0	2,33	3,465
49,2	0	2,335	3,485
49,301	0	2,31	3,475
49,401	0	2,32	3,485
49,501	0	2,32	3,5
49,601	0	2,325	3,495
49,7	0	2,325	3,515
49,801	0	2,33	3,505
49,9	0	2,33	3,515
50	0	2,33	3,515
50,1	0	2,325	3,535
50,201	0	2,32	3,54
50,3	0	2,325	3,545
50,4	0	2,31	3,55
50,501	0	2,325	3,535
50,601	0	2,335	3,55
50,7	0	2,33	3,555
50,801	0	2,315	3,565
50,9	0	2,325	3,58
51	0	2,33	3,575
51,101	0	2,33	3,575
51,201	0	2,315	3,58
51,3	0	2,315	3,575
51,401	0	2,335	3,605
51,501	0	2,32	3,595
51,6	0	2,315	3,615
51,7	0	2,335	3,615
51,8	0	2,335	3,625
51,9	0	2,32	3,62
51,999	0	2,325	3,625
52,1	0	2,32	3,635
52,2	0	2,33	3,635
52,3	0	2,33	3,635
52,4	0	2,335	3,655
52,5	0	2,325	3,66
52,6	0	2,33	3,66
52,7	0	2,335	3,665
52,8	0	2,335	3,67
52,899	0	2,335	3,67
53	0	2,32	3,675
53,1	0	2,335	3,685
53,2	0	2,32	3,695
53,3	0	2,315	3,685
53,4	0	2,32	3,69
53,501	0	2,32	3,705
53,6	0	2,325	3,715
53,7	0	2,325	3,715
53,799	0	2,32	3,705
53,9	0	2,33	3,72
54	0	2,325	3,735
54,1	0	2,32	3,725
54,2	0	2,335	3,735
54,3	0	2,33	3,735
54,4	0	2,32	3,75
54,501	0	2,32	3,75
54,6	0	2,315	3,745
54,7	0	2,335	3,765
54,801	0	2,33	3,775
54,9	0	2,335	3,765
55,001	0	2,325	3,785
55,1	0	2,32	3,785
55,201	0	2,335	3,785
55,3	0	2,325	3,795
55,4	0	2,32	3,795
55,5	0	2,32	3,8
55,6	0	2,32	3,8
55,7	0	2,33	3,82
55,8	0	2,32	3,825
55,9	0	2,32	3,82
56	0	2,335	3,825
56,1	0	2,33	3,825
56,2	0	2,33	3,82
56,3	0	2,32	3,84
56,4	0	2,33	3,845
56,501	0	2,335	3,85
56,6	0	2,325	3,855
56,701	0	2,315	3,86
56,8	0	2,32	3,865
56,9	0	2,325	3,855
57	0	2,325	3,87
57,1	0	2,33	3,875
57,2	0	2,335	3,885
57,3	0	2,33	3,895
57,401	0	2,32	3,895
57,501	0	2,325	3,89
57,6	0	2,33	3,89
57,7	0	2,325	3,905
57,8	0	2,335	3,905
57,901	0	2,32	3,905
58,001	0	2,325	3,9
58,1	0	2,335	3,915
58,2	0	2,315	3,925
58,3	0	2,335	3,935
58,4	0	2,335	3,93
58,5	0	2,325	3,92
58,6	0	2,325	3,935
58,7	0	2,325	3,95
58,8	0	2,335	3,945
58,9	0	2,325	3,95
59	0	2,325	3,955
59,099	0	2,335	3,965
59,199	0	2,33	3,955
59,3	0	2,33	3,96
59,4	0	2,335	3,96
59,501	0	2,315	3,985
59,6	0	2,335	3,985
59,699	0	2,335	3,995
59,799	0	2,33	3,98
59,9	0	2,32	4
60	0	2,32	3,995
60,1	0	2,33	3,995
60,2	0	2,32	4,01
60,301	0	2,32	4,015
60,4	0	2,335	4,02
60,5	0	2,32	4,015
60,6	0	2,315	4,025
60,7	0	2,325	4,025
60,8	0	2,335	4,025
60,901	0	2,335	4,015
61	0	2,335	4,03
61,1	0	2,325	4,03
61,2	0	2,335	4,04
61,301	0	2,31	4,05
61,4	0	2,335	4,05
61,501	0	2,335	4,05
61,6	0	2,335	4,06
61,7	0	2,335	4,06
61,8	0	2,325	4,06
61,901	0	2,33	4,075
62,001	0	2,32	4,075
62,1	0	2,33	4,08
62,2	0	2,335	4,075
62,3	0	2,335	4,08
62,4	0	2,325	4,085
62,5	0	2,32	4,09
62,6	0	2,32	4,1
62,7	0	2,335	4,09
62,8	0	2,33	4,1
62,901	0	2,325	4,115
63	0	2,325	4,11
63,1	0	2,335	4,11
63,2	0	2,335	4,125
63,3	0	2,32	4,135
63,4	0	2,32	4,125
63,5	0	2,335	4,13
63,6	0	2,32	4,145
63,7	0	2,315	4,145
63,8	0	2,335	4,145
63,9	0	2,335	4,14
64	0	2,325	4,16
64,1	0	2,32	4,155
64,2	0	2,335	4,165
64,3	0	2,325	4,17
64,4	0	2,325	4,175
64,5	0	2,32	4,17
64,599	0	2,325	4,165
64,7	0	2,315	4,18
64,801	0	2,335	4,185
64,9	0	2,335	4,175
65	0	2,32	4,19
65,1	0	2,325	4,19
65,2	0	2,32	4,19
65,301	0	2,335	4,195
65,401	0	2,33	4,195
65,5	0	2,335	4,205
65,6	0	2,315	4,21
65,7	0	2,32	4,205
65,8	0	2,32	4,225
65,9	0	2,335	4,23
66,001	0	2,335	4,225
66,101	0	2,325	4,235
66,2	0	2,325	4,215
66,3	0	2,335	4,235
66,399	0	2,325	4,245
66,5	0	2,335	4,245
66,6	0	2,33	4,24
66,7	0	2,335	4,245
66,8	0	2,335	4,24
66,9	0	2,32	4,26
67	0	2,335	4,25
67,1	0	2,32	4,27
67,201	0	2,325	4,275
67,3	0	2,325	4,27
67,4	0	2,325	4,27
67,5	0	2,33	4,275
67,6	0	2,33	4,285
67,7	0	2,32	4,28
67,8	0	2,32	4,295
67,9	0	2,335	4,295
68	0	2,33	4,295
68,1	0	2,32	4,295
68,2	0	2,325	4,305
68,3	0	2,335	4,305
68,4	0	2,33	4,305
68,5	0	2,33	4,31
68,6	0	2,32	4,31
68,701	0	2,335	4,32
68,8	0	2,335	4,31
68,9	0	2,335	4,33
69	0	2,335	4,315
69,1	0	2,32	4,315
69,2	0	2,32	4,325
69,3	0	2,335	4,32
69,4	0	2,335	4,34
69,5	0	2,33	4,345
69,602	0	2,315	4,35
69,7	0	2,325	4,34
69,801	0	2,335	4,355
69,9	0	2,335	4,35
70,001	0	2,315	4,365
70,1	0	2,335	4,345
70,201	0	2,325	4,365
70,3	0	2,335	4,36
70,4	0	2,335	4,36
70,5	0	2,32	4,375
70,599	0	2,315	4,38
70,7	0	2,335	4,37
70,8	0	2,335	4,385
70,9	0	2,335	4,385
71	0	2,335	4,385
71,1	0	2,325	4,395
71,2	0	2,33	4,405
71,3	0	2,32	4,385
71,4	0	2,325	4,395
71,499	0	2,33	4,41
71,6	0	2,325	4,405
71,701	0	2,325	4,4
71,8	0	2,325	4,41
71,901	0	2,325	4,405
72,001	0	2,325	4,41
72,1	0	2,325	4,415
72,2	0	2,325	4,425
72,301	0	2,33	4,425
72,4	0	2,335	4,425
72,5	0	2,325	4,43
72,601	0	2,325	4,44
72,701	0	2,315	4,44
72,8	0	2,335	4,445
72,9	0	2,325	4,44
73	0	2,335	4,445
73,1	0	2,33	4,455
73,2	0	2,335	4,45
73,3	0	2,325	4,455
73,4	0	2,325	4,45
73,501	0	2,325	4,465
73,6	0	2,33	4,465
73,699	0	2,335	4,46
73,799	0	2,325	4,475
73,9	0	2,335	4,48
74,001	0	2,33	4,475
74,1	0	2,315	4,48
74,201	0	2,315	4,485
74,3	0	2,33	4,49
74,4	0	2,325	4,485
74,5	0	2,325	4,495
74,6	0	2,32	4,5
74,7	0	2,32	4,5
74,8	0	2,32	4,5
74,9	0	2,325	4,505
74,999	0	2,32	4,505
75,1	0	2,32	4,5
75,2	0	2,325	4,515
75,299	0	2,33	4,505
75,4	0	2,315	4,51
75,5	0	2,33	4,51
75,599	0	2,325	4,51
75,7	0	2,32	4,52
75,8	0	2,325	4,52
75,901	0	2,32	4,52
76	0	2,32	4,515
76,1	0	2,335	4,53
76,2	0	2,335	4,545
76,302	0	2,33	4,535
76,4	0	2,315	4,54
76,5	0	2,33	4,545
76,6	0	2,335	4,55
76,7	0	2,32	4,54
76,8	0	2,32	4,55
76,9	0	2,325	4,55
77	0	2,325	4,55
77,1	0	2,335	4,56
77,2	0	2,32	4,565
77,3	0	2,335	4,55
77,4	0	2,33	4,565
77,5	0	2,32	4,565
77,6	0	2,32	4,565
77,701	0	2,33	4,56
77,8	0	2,325	4,575
77,9	0	2,32	4,575
78	0	2,325	4,585
78,101	0	2,32	4,59
78,2	0	2,32	4,575
78,3	0	2,33	4,58
78,4	0	2,33	4,595
78,5	0	2,325	4,59
78,6	0	2,335	4,6
78,7	0	2,325	4,595
78,8	0	2,33	4,595
78,9	0	2,32	4,59
79	0	2,33	4,605
79,101	0	2,32	4,6
79,2	0	2,335	4,615
79,3	0	2,325	4,615
79,4	0	2,335	4,62
79,5	0	2,325	4,615
79,6	0	2,32	4,61
79,7	0	2,32	4,61
79,8	0	2,335	4,615
79,901	0	2,325	4,63
80	0	2,32	4,635
80,101	0	2,32	4,62
80,2	0	2,335	4,64
80,3	0	2,31	4,625
80,4	0	2,325	4,645
80,5	0	2,32	4,645
80,6	0	2,32	4,64
80,7	0	2,335	4,645
80,8	0	2,325	4,655
80,9	0	2,315	4,655
81	0	2,325	4,665
81,1	0	2,335	4,645
81,2	0	2,315	4,655
81,3	0	2,33	4,655
81,401	0	2,32	4,66
81,501	0	2,31	4,665
81,6	0	2,32	4,665
81,7	0	2,325	4,675
81,8	0	2,32	4,67
81,901	0	2,32	4,67
82	0	2,335	4,67
82,1	0	2,335	4,685
82,201	0	2,335	4,68
82,301	0	2,335	4,685
82,4	0	2,325	4,695
82,501	0	2,32	4,685
82,6	0	2,325	4,69
82,701	0	2,315	4,705
82,8	0	2,32	4,7
82,9	0	2,33	4,705
83	0	2,335	4,7
83,1	0	2,335	4,69
83,2	0	2,335	4,705
83,301	0	2,335	4,705
83,4	0	2,33	4,71
83,5	0	2,32	4,71
83,6	0	2,33	4,7
83,7	0	2,32	4,715
83,8	0	2,33	4,725
83,9	0	2,32	4,725
84	0	2,335	4,725
84,1	0	2,33	4,725
84,201	0	2,335	4,735
84,3	0	2,325	4,725
84,401	0	2,325	4,74
84,5	0	2,33	4,725
84,6	0	2,335	4,73
84,7	0	2,325	4,74
84,8	0	2,33	4,74
84,899	0	2,32	4,735
85	0	2,315	4,735
85,1	0	2,33	4,74
85,2	0	2,32	4,745
85,3	0	2,315	4,755
85,399	0	2,33	4,755
85,5	0	2,335	4,745
85,601	0	2,335	4,755
85,7	0	2,335	4,755
85,8	0	2,32	4,76
85,9	0	2,335	4,755
86,001	0	2,32	4,765
86,1	0	2,32	4,76
86,201	0	2,325	4,76
86,301	0	2,335	4,76
86,401	0	2,325	4,78
86,5	0	2,33	4,785
86,6	0	2,315	4,78
86,7	0	2,325	4,77
86,8	0	2,335	4,78
86,901	0	2,315	4,785
87	0	2,325	4,785
87,1	0	2,335	4,775
87,2	0	2,335	4,775
87,3	0	2,335	4,775
87,4	0	2,335	4,79
87,501	0	2,325	4,78
87,601	0	2,32	4,79
87,701	0	2,325	4,8
87,801	0	2,33	4,805
87,902	0	2,32	4,79
88,001	0	2,335	4,79
88,1	0	2,335	4,805
88,2	0	2,32	4,8
88,3	0	2,325	4,805
88,4	0	2,315	4,81
88,5	0	2,32	4,81
88,599	0	2,315	4,81
88,7	0	2,32	4,805
88,8	0	2,325	4,82
88,9	0	2,32	4,82
89	0	2,32	4,82
89,099	0	2,325	4,825
89,2	0	2,335	4,82
89,3	0	2,325	4,825
89,4	0	2,33	4,835
89,5	0	2,325	4,825
89,6	0	2,33	4,82
89,7	0	2,32	4,825
89,8	0	2,32	4,84
89,901	0	2,325	4,83
89,999	0	2,335	4,84
90,1	0	2,315	4,835
90,2	0	2,325	4,845
90,301	0	2,325	4,825
90,401	0	2,335	4,845
90,501	0	2,32	4,84
90,6	0	2,315	4,85
90,7	0	2,335	4,84
90,802	0	2,33	4,85
90,9	0	2,32	4,845
91	0	2,335	4,835
91,099	0	2,335	4,85
91,2	0	2,335	4,85
91,3	0	2,31	4,855
91,4	0	2,32	4,855
91,499	0	2,33	4,875
91,6	0	2,335	4,86
91,699	0	2,335	4,87
91,8	0	2,32	4,87
91,899	0	2,325	4,86
92	0	2,33	4,875
92,1	0	2,33	4,865
92,2	0	2,325	4,875
92,299	0	2,315	4,885
92,4	0	2,335	4,875
92,5	0	2,335	4,88
92,6	0	2,325	4,88
92,699	0	2,335	4,88
92,799	0	2,325	4,885
92,9	0	2,335	4,88
93	0	2,325	4,89
93,101	0	2,32	4,89
93,2	0	2,335	4,875
93,3	0	2,335	4,89
93,4	0	2,335	4,89
93,5	0	2,32	4,9
93,6	0	2,315	4,9
93,7	0	2,335	4,885
93,8	0	2,33	4,89
93,9	0	2,325	4,895
94	0	2,33	4,91
94,1	0	2,32	4,9
94,2	0	2,33	4,9
94,3	0	2,335	4,91
94,4	0	2,335	4,91
94,501	0	2,325	4,9
94,6	0	2,325	4,895
94,699	0	2,335	4,91
94,8	0	2,335	4,925
94,9	0	2,325	4,925
95,001	0	2,335	4,915
95,1	0	2,32	4,92
95,2	0	2,325	4,925
95,3	0	2,335	4,915
95,399	0	2,325	4,925
95,5	0	2,32	4,915
95,6	0	2,33	4,935
95,7	0	2,325	4,935
95,8	0	2,33	4,925
95,9	0	2,335	4,925
96	0	2,335	4,935
96,1	0	2,32	4,94
96,2	0	2,335	4,94
96,3	0	2,32	4,94
96,4	0	2,325	4,945
96,5	0	2,325	4,95
96,6	0	2,325	4,955
96,7	0	2,325	4,94
96,799	0	2,32	4,94
96,899	0	2,325	4,95
97	0	2,32	4,94
97,101	0	2,315	4,95
97,2	0	2,32	4,955
97,301	0	2,31	4,95
97,4	0	2,32	4,945
97,5	0	2,325	4,965
97,599	0	2,32	4,96
97,701	0	2,325	4,965
97,8	0	2,325	4,96
97,9	0	2,325	4,965
97,999	0	2,32	4,965
98,1	0	2,32	4,965
98,2	0	2,32	4,965
98,3	0	2,33	4,965
98,399	0	2,32	4,98
98,499	0	2,32	4,98
98,6	0	2,325	4,975
98,7	0	2,325	4,98
98,801	0	2,325	4,98
98,9	0	2,335	4,98
99	0	2,315	4,975
99,1	0	2,32	4,98
99,2	0	2,32	4,985
99,3	0	2,33	4,98
99,399	0	2,315	4,985
99,5	0	2,335	4,985
99,6	0	2,325	4,975
99,701	0	2,325	4,995
99,8	0	2,33	4,995
99,9	0	2,325	4,985
100	0	2,335	4,99
100,1	0	2,325	4,995
100,2	0	2,325	4,995
100,299	0	2,335	4,995
100,4	0	2,32	5,005
100,5	0	2,315	5,005
100,6	0	2,335	5
100,7	0	2,335	5
100,8	0	2,315	5
100,9	0	2,33	5,01
101	0	2,325	5,015
101,1	0	2,335	5,015
101,2	0	2,32	5,01
101,3	0	2,325	5,015
101,4	0	2,325	5,015
101,5	0	2,33	5,02
101,6	0	2,335	5,015
101,7	0	2,33	5,02
101,799	0	2,32	5,025
101,9	0	2,335	5,025
102	0	2,335	5,03
102,1	0	2,335	5,025
102,2	0	2,32	5,02
102,299	0	2,32	5,025
102,4	0	2,33	5,015
102,5	0	2,32	5,035
102,6	0	2,315	5,03
102,7	0	2,335	5,03
102,801	0	2,335	5,03
102,9	0	2,33	5,025
103	0	2,325	5,035
103,1	0	2,335	5,04
103,201	0	2,335	5,035
103,3	0	2,335	5,03
103,401	0	2,325	5,035
103,501	0	2,325	5,055
103,6	0	2,325	5,04
103,701	0	2,32	5,045
103,8	0	2,32	5,05
103,9	0	2,335	5,045
104	0	2,32	5,04
104,101	0	2,32	5,05
104,2	0	2,325	5,05
104,301	0	2,325	5,055
104,4	0	2,33	5,06
104,5	0	2,335	5,06
104,599	0	2,315	5,06
104,7	0	2,325	5,065
104,8	0	2,32	5,055
104,9	0	2,325	5,06
105	0	2,33	5,06
105,101	0	2,335	5,055
105,2	0	2,335	5,065
105,301	0	2,33	5,06
105,4	0	2,335	5,06
105,501	0	2,325	5,075
105,6	0	2,32	5,07
105,7	0	2,325	5,08
105,8	0	2,315	5,07
105,9	0	2,335	5,055
106	0	2,33	5,065
106,099	0	2,335	5,07
106,2	0	2,32	5,08
106,3	0	2,315	5,075
106,4	0	2,325	5,08
106,5	0	2,335	5,085
106,599	0	2,33	5,075
106,699	0	2,32	5,075
106,8	0	2,32	5,09
106,9	0	2,335	5,08
107,001	0	2,32	5,085
107,1	0	2,32	5,075
107,2	0	2,315	5,08
107,3	0	2,325	5,08
107,4	0	2,32	5,095
107,5	0	2,325	5,09
107,6	0	2,32	5,095
107,7	0	2,325	5,095
107,801	0	2,315	5,09
107,9	0	2,32	5,095
108	0	2,32	5,09
108,1	0	2,315	5,105
108,2	0	2,33	5,1
108,3	0	2,335	5,095
108,4	0	2,335	5,105
108,5	0	2,32	5,105
108,6	0	2,335	5,105
108,7	0	2,33	5,1
108,8	0	2,32	5,105
108,9	0	2,325	5,11
109	0	2,33	5,095
109,1	0	2,335	5,1
109,2	0	2,335	5,105
109,3	0	2,325	5,11
109,4	0	2,32	5,11
109,5	0	2,325	5,105
109,6	0	2,325	5,11
109,7	0	2,315	5,115
109,8	0	2,325	5,12
109,9	0	2,33	5,115
110	0	2,335	5,115
110,1	0	2,32	5,11
110,2	0	2,335	5,105
110,3	0	2,325	5,125
110,399	0	2,32	5,12
110,501	0	2,315	5,115
110,6	0	2,325	5,11
110,699	0	2,335	5,125
110,8	0	2,325	5,135
110,901	0	2,335	5,135
111,001	0	2,335	5,135
111,1	0	2,32	5,115
111,2	0	2,335	5,13
111,3	0	2,335	5,12
111,4	0	2,325	5,13
111,5	0	2,315	5,115
111,601	0	2,33	5,125
111,7	0	2,315	5,145
111,8	0	2,33	5,14
111,899	0	2,335	5,135
112	0	2,325	5,145
112,099	0	2,32	5,135
112,2	0	2,335	5,145
112,3	0	2,32	5,14
112,4	0	2,335	5,13
112,501	0	2,315	5,135
112,6	0	2,325	5,145
112,701	0	2,335	5,15
112,8	0	2,33	5,155
112,9	0	2,33	5,14
113	0	2,325	5,155
113,1	0	2,32	5,155
113,2	0	2,32	5,15
113,301	0	2,335	5,155
113,4	0	2,325	5,16
113,499	0	2,335	5,16
113,6	0	2,33	5,145
113,7	0	2,33	5,155
113,8	0	2,335	5,16
113,901	0	2,325	5,16
114	0	2,325	5,16
114,1	0	2,315	5,16
114,201	0	2,325	5,16
114,3	0	2,325	5,165
114,4	0	2,325	5,16
114,501	0	2,315	5,15
114,6	0	2,325	5,165
114,7	0	2,335	5,165
114,799	0	2,335	5,175
114,9	0	2,335	5,17
115,001	0	2,335	5,165
115,1	0	2,32	5,155
115,2	0	2,32	5,165
115,3	0	2,325	5,165
115,4	0	2,325	5,17
115,5	0	2,335	5,175
115,599	0	2,335	5,18
115,699	0	2,315	5,16
115,8	0	2,335	5,165
115,899	0	2,315	5,18
116	0	2,32	5,17
116,101	0	2,325	5,17
116,201	0	2,325	5,185
116,3	0	2,325	5,18
116,4	0	2,335	5,17
116,499	0	2,32	5,18
116,6	0	2,325	5,17
116,7	0	2,325	5,17
116,8	0	2,32	5,175
116,899	0	2,335	5,185
117	0	2,335	5,185
117,1	0	2,335	5,185
117,2	0	2,32	5,17
117,299	0	2,33	5,185
117,403	0	2,325	5,185
117,5	0	2,325	5,18
117,6	0	2,32	5,18
117,7	0	2,315	5,18
117,8	0	2,33	5,195
117,899	0	2,335	5,19
118	0	2,325	5,19
118,1	0	2,33	5,2
118,2	0	2,32	5,205
118,3	0	2,335	5,205
118,4	0	2,325	5,2
118,5	0	2,325	5,2
118,6	0	2,33	5,2
118,7	0	2,335	5,205
118,8	0	2,335	5,19
118,9	0	2,335	5,205
119	0	2,33	5,195
119,1	0	2,325	5,205
119,2	0	2,33	5,195
119,3	0	2,32	5,205
119,4	0	2,335	5,2
119,5	0	2,325	5,205
119,599	0	2,335	5,2
119,7	0	2,32	5,2
119,801	0	2,335	5,195
119,9	0	2,335	5,195
120	0	2,32	5,205
120,1	0	2,315	5,2
120,2	0	2,33	5,205
120,3	0	2,335	5,2
120,401	0	2,33	5,2
120,5	0	2,33	5,21
120,601	0	2,32	5,21
120,7	0	2,325	5,215
120,8	0	2,32	5,21
120,9	0	2,335	5,21
121	0	2,335	5,22
121,1	0	2,33	5,225
121,2	0	2,33	5,22
121,301	0	2,335	5,21
121,4	0	2,32	5,21
121,5	0	2,325	5,225
121,6	0	2,335	5,22
121,699	0	2,32	5,225
121,8	0	2,33	5,225
121,9	0	2,32	5,22
121,999	0	2,32	5,225
122,1	0	2,335	5,225
122,2	0	2,32	5,225
122,3	0	2,335	5,23
122,4	0	2,325	5,22
122,501	0	2,32	5,22
122,6	0	2,335	5,23
122,701	0	2,315	5,23
122,8	0	2,33	5,235
122,9	0	2,335	5,235
123	0	2,325	5,235
123,1	0	2,335	5,245
123,2	0	2,335	5,24
123,301	0	2,325	5,24
123,4	0	2,335	5,24
123,5	0	2,33	5,23
123,6	0	2,335	5,23
123,7	0	2,335	5,24
123,8	0	2,335	5,245
123,9	0	2,32	5,23
124	0	2,32	5,24
124,1	0	2,32	5,245
124,199	0	2,325	5,225
124,3	0	2,325	5,24
124,403	0	2,335	5,25
124,5	0	2,32	5,245
124,6	0	2,32	5,235
124,7	0	2,325	5,245
124,8	0	2,335	5,255
124,9	0	2,335	5,25
125	0	2,315	5,25
125,099	0	2,32	5,255
125,2	0	2,335	5,255
125,3	0	2,32	5,26
125,4	0	2,335	5,255
125,5	0	2,335	5,26
125,6	0	2,325	5,255
125,699	0	2,31	5,25
125,801	0	2,325	5,25
125,9	0	2,315	5,255
126	0	2,325	5,26
126,099	0	2,335	5,25
126,199	0	2,325	5,265
126,3	0	2,335	5,265
126,4	0	2,335	5,265
126,5	0	2,335	5,255
126,6	0	2,32	5,255
126,7	0	2,325	5,265
126,8	0	2,33	5,255
126,9	0	2,32	5,26
127	0	2,33	5,27
127,1	0	2,335	5,265
127,2	0	2,325	5,27
127,299	0	2,33	5,275
127,4	0	2,335	5,275
127,499	0	2,325	5,275
127,6	0	2,32	5,275
127,699	0	2,32	5,26
127,8	0	2,325	5,275
127,9	0	2,335	5,275
127,999	0	2,32	5,275
128,1	0	2,335	5,28
128,2	0	2,325	5,275
128,3	0	2,33	5,285
128,4	0	2,335	5,265
128,5	0	2,32	5,27
128,6	0	2,335	5,27
128,7	0	2,33	5,265
128,8	0	2,325	5,265
128,899	0	2,335	5,265
129	0	2,325	5,28
129,1	0	2,335	5,275
129,201	0	2,33	5,285
129,301	0	2,325	5,285
129,4	0	2,335	5,275
129,5	0	2,32	5,28
129,601	0	2,33	5,275
129,7	0	2,325	5,285
129,8	0	2,325	5,285
129,9	0	2,335	5,285
130	0	2,33	5,29
130,1	0	2,33	5,275
130,2	0	2,325	5,275
130,3	0	2,335	5,285
130,4	0	2,32	5,275
130,5	0	2,33	5,29
130,6	0	2,325	5,28
130,7	0	2,335	5,285
130,8	0	2,335	5,285
130,9	0	2,325	5,29
130,999	0	2,325	5,29
131,101	0	2,32	5,295
131,199	0	2,32	5,28
131,3	0	2,33	5,295
131,4	0	2,325	5,295
131,5	0	2,32	5,285
131,6	0	2,335	5,295
131,7	0	2,335	5,295
131,8	0	2,325	5,295
131,899	0	2,33	5,285
131,999	0	2,32	5,285
132,1	0	2,325	5,29
132,2	0	2,335	5,295
132,3	0	2,335	5,3
132,4	0	2,32	5,29
132,5	0	2,335	5,29
132,6	0	2,325	5,3
132,7	0	2,325	5,3
132,799	0	2,325	5,305
132,9	0	2,325	5,305
133	0	2,315	5,3
133,1	0	2,335	5,295
133,2	0	2,33	5,29
133,3	0	2,33	5,29
133,4	0	2,32	5,305
133,5	0	2,335	5,315
133,6	0	2,32	5,3
133,7	0	2,325	5,3
133,799	0	2,33	5,29
133,9	0	2,32	5,31
134	0	2,32	5,315
134,099	0	2,33	5,3
134,2	0	2,335	5,31
134,3	0	2,325	5,315
134,399	0	2,33	5,315
134,5	0	2,325	5,315
134,6	0	2,335	5,315
134,7	0	2,33	5,315
134,8	0	2,335	5,31
134,9	0	2,315	5,315
135	0	2,335	5,32
135,1	0	2,335	5,315
135,199	0	2,325	5,305
135,3	0	2,335	5,315
135,4	0	2,325	5,315
135,501	0	2,325	5,315
135,6	0	2,335	5,315
135,7	0	2,32	5,325
135,8	0	2,335	5,315
135,901	0	2,335	5,31
136,001	0	2,315	5,32
136,1	0	2,325	5,325
136,2	0	2,32	5,325
136,3	0	2,32	5,315
136,4	0	2,335	5,31
136,499	0	2,335	5,32
136,599	0	2,335	5,32
136,7	0	2,335	5,32
136,799	0	2,325	5,325
136,9	0	2,315	5,325
137	0	2,335	5,325
137,1	0	2,335	5,325
137,2	0	2,335	5,325
137,299	0	2,32	5,315
137,4	0	2,325	5,325
137,5	0	2,325	5,325
137,6	0	2,315	5,325
137,7	0	2,33	5,335
137,799	0	2,325	5,34
137,9	0	2,33	5,335
138	0	2,33	5,335
138,1	0	2,315	5,325
138,201	0	2,335	5,325
138,3	0	2,335	5,32
138,4	0	2,32	5,335
138,5	0	2,32	5,32
138,601	0	2,325	5,325
138,7	0	2,32	5,315
138,8	0	2,325	5,33
138,901	0	2,33	5,325
139	0	2,33	5,33
139,1	0	2,325	5,315
139,199	0	2,335	5,325
139,301	0	2,32	5,335
139,4	0	2,32	5,335
139,5	0	2,32	5,33
139,6	0	2,32	5,33
139,699	0	2,33	5,33
139,8	0	2,32	5,33
139,899	0	2,315	5,335
140	0	2,325	5,335
140,1	0	2,335	5,335
140,2	0	2,325	5,335
140,301	0	2,32	5,33
140,4	0	2,32	5,34
140,5	0	2,325	5,325
140,601	0	2,335	5,34
140,7	0	2,325	5,34
140,8	0	2,325	5,345
140,9	0	2,32	5,345
141	0	2,335	5,325
141,1	0	2,335	5,33
141,201	0	2,325	5,34
141,301	0	2,32	5,33
141,4	0	2,335	5,345
141,5	0	2,33	5,34
141,6	0	2,335	5,33
141,701	0	2,325	5,345
141,8	0	2,32	5,345
141,9	0	2,32	5,345
141,999	0	2,32	5,335
142,1	0	2,335	5,34
142,2	0	2,335	5,345
142,3	0	2,325	5,345
142,4	0	2,315	5,355
142,5	0	2,315	5,35
142,599	0	2,325	5,36
142,7	0	2,33	5,35
142,8	0	2,335	5,35
142,9	0	2,33	5,35
142,999	0	2,325	5,36
143,1	0	2,32	5,365
143,2	0	2,325	5,36
143,3	0	2,335	5,345
143,399	0	2,32	5,35
143,5	0	2,325	5,365
143,599	0	2,335	5,365
143,701	0	2,32	5,36
143,801	0	2,33	5,36
143,9	0	2,32	5,355
144	0	2,315	5,365
144,1	0	2,33	5,375
144,2	0	2,33	5,365
144,301	0	2,335	5,365
144,4	0	2,325	5,375
144,5	0	2,32	5,37
144,6	0	2,325	5,365
144,7	0	2,325	5,38
144,8	0	2,335	5,37
144,9	0	2,325	5,38
145	0	2,335	5,385
145,1	0	2,335	5,38
145,201	0	2,335	5,375
145,3	0	2,32	5,375
145,4	0	2,335	5,38
145,5	0	2,325	5,385
145,6	0	2,335	5,395
145,7	0	2,325	5,39
145,801	0	2,335	5,39
145,901	0	2,33	5,385
146	0	2,335	5,39
146,1	0	2,33	5,39
146,199	0	2,33	5,395
146,3	0	2,315	5,39
146,4	0	2,335	5,39
146,499	0	2,335	5,39
146,6	0	2,335	5,38
146,7	0	2,335	5,375
146,8	0	2,335	5,395
146,9	0	2,335	5,4
147	0	2,335	5,385
147,1	0	2,325	5,39
147,2	0	2,33	5,395
147,299	0	2,325	5,395
147,4	0	2,32	5,39
147,5	0	2,335	5,4
147,6	0	2,32	5,39
147,7	0	2,315	5,395
147,8	0	2,335	5,385
147,9	0	2,335	5,385
148	0	2,335	5,395
148,099	0	2,325	5,4
148,2	0	2,335	5,4
148,3	0	2,335	5,4
148,4	0	2,335	5,395
148,5	0	2,325	5,38
148,599	0	2,33	5,39
148,7	0	2,335	5,375
148,8	0	2,335	5,39
148,9	0	2,335	5,39
149	0	2,335	5,39
149,101	0	2,32	5,375
149,2	0	2,315	5,39
149,299	0	2,325	5,39
149,399	0	2,325	5,39
149,5	0	2,325	5,38
149,601	0	2,325	5,38
149,7	0	2,325	5,375
149,799	0	2,335	5,38
149,899	0	2,32	5,385
149,999	0	2,335	5,39
150,1	0	2,335	5,385
150,2	0	2,32	5,385
150,3	0	2,32	5,38
150,4	0	2,32	5,38
150,5	0	2,335	5,38
150,601	0	2,33	5,38
150,7	0	2,335	5,38
150,799	0	2,32	5,375
150,901	0	2,335	5,375
151	0	2,325	5,385
151,1	0	2,33	5,375
151,2	0	2,33	5,38
151,3	0	2,32	5,38
151,4	0	2,335	5,37
151,5	0	2,33	5,39
151,6	0	2,315	5,375
151,701	0	2,335	5,385
151,8	0	2,335	5,395
151,9	0	2,32	5,385
152	0	2,335	5,39
152,1	0	2,32	5,385
152,2	0	2,315	5,38
