MIN=0	-10	-10
MAX=8	10	10
SCALE=8	5	5
DEC=2	2	2
DEF="Tiempo" t / s	"Tensión" U_A1 / V	"Tensión" U_B1 / V
0	0,015	-0,03
0,02	0	-0,02
0,04	-0,03	-0,03
0,06	-0,005	-0,02
0,08	0,03	-0,025
0,1	0,025	-0,025
0,12	-0,02	-0,02
0,14	-0,035	-0,03
0,16	0,01	-0,02
0,18	0,025	-0,03
0,2	0,005	-0,035
0,22	-0,015	-0,02
0,24	-0,03	-0,025
0,26	0	-0,035
0,28	0,04	-0,015
0,3	0	-0,025
0,32	-0,035	-0,035
0,34	-0,02	-0,02
0,36	0,015	-0,03
0,38	0,045	-0,02
0,4	-0,005	-0,025
0,42	-0,025	-0,025
0,44	0,005	-0,02
0,46	0,02	-0,03
0,48	0,03	-0,02
0,5	0	-0,02
0,52	-0,04	-0,035
0,54	0,01	-0,02
0,56	0,035	-0,025
0,58	0,02	-0,02
0,6	-0,01	-0,025
0,62	8,635	-0,03
0,64	8,645	-0,015
0,66	8,635	-0,015
0,68	8,635	0
0,7	8,65	0,04
0,72	8,635	0,09
0,74	8,645	0,18
0,76	8,63	0,295
0,78	8,645	0,44
0,8	8,645	0,63
0,82	8,635	0,81
0,84	8,65	1,04
0,86	8,63	1,225
0,88	8,645	1,44
0,9	8,63	1,67
0,92	8,645	1,87
0,94	8,635	2,075
0,96	8,64	2,19
0,98	8,64	2,45
1	8,635	2,61
1,02	8,64	2,665
1,04	8,63	2,845
1,06	8,64	2,975
1,08	8,63	3,13
1,1	8,645	3,32
1,12	8,64	3,415
1,14	8,645	3,59
1,16	8,64	3,765
1,18	8,64	3,85
1,2	8,645	3,78
1,22	8,63	3,855
1,24	8,645	3,97
1,26	8,635	4,225
1,28	8,645	4,265
1,3	8,64	4,29
1,32	8,635	4,26
1,34	8,64	4,42
1,36	8,64	4,32
1,38	8,64	4,46
1,4	8,645	4,59
1,42	8,64	4,72
1,44	8,625	4,79
1,46	8,63	4,685
1,48	8,64	4,68
1,5	8,64	4,76
1,52	8,64	5
1,54	8,63	4,98
1,56	8,64	4,815
1,58	8,625	5,155
1,6	8,64	5,08
1,62	8,625	5,2
1,64	8,63	5,38
1,66	8,635	5,325
1,68	8,645	5,35
1,7	8,64	5,55
1,72	8,625	5,53
1,74	8,64	5,375
1,76	8,635	5,585
1,78	8,64	5,65
1,8	8,625	5,625
1,82	8,64	5,75
1,84	8,64	5,865
1,86	8,635	5,98
1,88	8,645	5,97
1,9	8,63	5,955
1,92	8,645	6,17
1,94	8,63	6,105
1,96	8,64	6,1
1,98	8,625	6,055
2	8,63	6,265
2,02	8,64	6,255
2,04	8,645	6,335
2,06	8,64	6,295
2,08	8,625	6,23
2,1	8,64	6,44
2,12	8,64	6,515
2,14	8,64	6,36
2,16	8,625	6,34
2,18	8,63	6,385
2,2	8,645	6,41
2,22	8,63	6,445
2,24	8,64	6,455
2,26	8,625	6,515
2,28	8,64	6,585
2,3	8,635	6,715
2,32	8,64	6,59
2,34	8,625	6,705
2,36	8,64	6,66
2,38	8,635	6,645
2,4	8,645	6,805
2,42	8,64	6,73
2,44	8,635	6,68
2,46	8,64	6,86
2,48	8,625	6,705
2,5	8,64	6,87
2,52	8,635	6,72
2,54	8,64	6,905
2,56	8,625	6,83
2,58	8,645	6,935
2,6	8,625	6,85
2,62	8,64	7,08
2,64	8,625	6,785
2,66	8,635	6,905
2,68	8,635	6,985
2,7	8,64	6,74
2,72	8,64	6,96
2,74	8,64	7,15
2,76	8,63	6,88
2,78	8,63	6,87
2,8	8,64	7,055
2,82	8,64	7,03
2,84	8,64	6,935
2,86	8,64	6,86
2,88	8,635	7,015
2,9	8,63	7,085
2,92	8,64	7,135
2,94	8,64	7,2
2,96	8,635	6,925
2,98	8,63	6,865
3	8,635	6,975
3,02	8,64	7,11
3,04	8,645	7
3,06	8,635	6,985
3,08	8,63	7,095
3,1	8,625	7,165
3,12	8,64	7,31
3,14	8,625	7,205
3,16	8,64	7,175
3,18	8,63	7,165
3,2	8,64	7,25
3,22	8,625	7,21
3,24	8,645	7,2
3,26	8,635	7,245
3,28	8,64	7,29
3,3	8,64	7,18
3,32	8,645	7,09
3,34	8,63	7,145
3,36	8,64	7,14
3,38	8,64	7,11
3,4	8,635	7,075
3,42	8,64	7,17
3,44	8,635	7,18
3,46	8,64	7,19
3,48	8,625	7,29
3,5	8,645	7,32
3,52	8,625	7,225
3,54	8,635	7,225
3,56	8,64	7,215
3,58	8,63	7,3
3,6	8,64	7,22
3,62	8,635	7,135
3,64	8,635	7,16
3,66	8,63	7,12
3,68	8,64	7,31
3,7	8,625	7,29
3,72	8,63	7,325
3,74	8,63	7,2
3,76	8,64	7,06
3,78	8,625	7,19
3,8	8,64	7,275
3,82	8,635	7,175
3,84	8,64	7,16
3,86	8,64	7,235
3,88	8,635	7,325
3,9	8,635	7,27
3,92	8,63	7,165
3,94	8,635	7,2
3,96	8,645	7,39
3,98	8,645	7,215
4	8,625	7,095
4,02	8,64	7,355
4,04	8,625	7,36
4,06	8,64	7,13
4,08	8,625	7,25
4,1	8,64	7,27
4,12	8,625	7,145
4,14	8,645	7,39
4,16	8,625	7,435
4,18	8,64	7,225
4,2	8,625	7,385
4,22	8,635	7,49
4,24	8,64	7,215
4,26	8,63	7,405
4,28	8,64	7,385
4,3	8,625	7,27
4,32	8,645	7,435
4,34	8,625	7,11
4,36	8,64	7,34
4,38	8,625	7,49
4,4	8,63	7,36
4,42	8,64	7,5
4,44	8,63	7,195
4,46	8,64	7,4
4,48	8,635	7,53
4,5	8,64	7,26
4,52	8,63	7,435
4,54	8,64	7,32
4,56	8,625	7,405
4,58	8,635	7,42
4,6	8,64	7,365
4,62	8,635	7,355
4,64	8,64	7,34
4,66	8,625	7,48
4,68	8,645	7,36
4,7	8,64	7,375
4,72	8,64	7,335
4,74	8,625	7,475
4,76	8,64	7,47
4,78	8,64	7,43
4,8	8,625	7,335
4,82	8,64	7,4
4,84	8,625	7,49
4,86	8,63	7,305
4,88	8,64	7,5
4,9	8,63	7,345
4,92	8,64	7,485
4,94	8,635	7,36
4,96	8,64	7,46
4,98	8,635	7,265
5	8,64	7,6
5,02	8,63	7,325
5,04	8,64	7,42
5,06	8,64	7,305
5,08	8,625	7,265
5,1	8,64	7,535
5,12	8,625	7,47
5,14	8,63	7,5
5,16	8,625	7,08
5,18	8,63	7,45
5,2	8,64	7,415
5,22	8,64	7,45
5,24	8,645	7,435
5,26	8,625	7,28
5,28	8,64	7,44
5,3	8,625	7,29
5,32	8,64	7,455
5,34	8,625	7,29
5,36	8,645	7,5
5,38	8,635	7,45
5,4	8,63	7,3
5,42	8,64	7,425
5,44	8,635	7,195
5,46	8,64	7,555
5,48	8,625	7,265
5,5	8,64	7,45
5,52	8,635	7,23
5,54	8,64	7,465
5,56	8,625	7,36
5,58	8,64	7,41
5,6	8,64	7,44
5,62	8,645	7,39
5,64	8,635	7,435
5,66	8,635	7,39
5,68	8,645	7,48
5,7	8,635	7,23
5,72	8,65	
